17.562 18.750 59.343 109.093 393.656 695.125 737.531 798.500 891.281 971.031 1075.250 1305.156 1439.687 1479.437 1815.250 1963.781 3047.593 
18.062 27.343 92.875 221.562 233.781 234.468 262.750 317.875 452.250 535.281 541.625 624.656 625.156 812.062 933.375 1000.625 1080.406 1114.968 1249.562 1292.812 1463.125 1527.375 1584.625 1680.687 3537.031 
18.312 19.531 91.687 99.656 262.718 309.468 363.093 446.062 567.468 627.437 655.500 767.625 872.250 933.875 976.312 1016.781 1022.156 1079.843 1500.468 1539.375 1563.906 1583.000 1607.562 1617.281 1638.062 1763.125 2407.093 2578.218 
60.937 109.218 183.906 327.187 440.343 452.375 632.375 699.187 766.437 999.406 1042.937 1133.531 1191.812 1244.687 1249.312 1282.156 1291.781 1525.093 1554.093 1816.531 1954.312 2579.531 3574.593 3670.656 
18.656 168.093 218.062 218.812 235.906 369.968 391.500 407.968 451.000 582.593 634.968 769.218 781.343 796.843 873.000 972.125 1014.406 1040.281 1240.375 1241.656 1251.875 1260.437 1280.406 1430.812 1441.125 1480.781 1482.687 1509.437 1583.531 1594.531 1747.562 1824.218 1922.750 1951.531 3062.968 3078.125 3646.031 3647.562 3665.781 
20.031 20.500 53.750 59.968 60.625 97.406 136.031 265.281 386.218 439.718 605.843 634.968 689.312 799.000 813.125 880.968 887.125 1024.031 1093.312 1128.625 1368.593 1386.750 1464.000 1479.250 1480.812 1529.062 1584.062 1584.500 1919.468 3001.812 3389.343 
19.906 266.687 316.187 325.250 361.093 444.218 475.031 639.656 645.156 653.031 693.000 748.781 805.781 849.437 948.468 1006.500 1119.156 1139.937 1250.937 1435.343 1813.218 1834.687 1978.812 2348.781 3259.187 3296.750 
59.562 327.968 395.218 409.500 450.812 567.562 626.593 695.125 1029.968 1096.562 1529.562 1584.750 1809.093 1814.562 1847.687 2887.625 
64.750 567.406 624.437 1530.343 1919.687 
95.406 452.843 634.593 1817.062 1833.125 1937.500 
