43.968 46.218 76.625 140.625 252.406 317.906 425.562 588.500 750.968 1154.687 1506.500 1538.281 1690.093 1694.062 1767.937 
20.093 184.468 184.968 380.531 714.062 932.687 997.312 1154.500 1185.468 1188.343 1274.656 1314.812 1326.812 1477.781 1486.187 1502.375 1592.750 1760.187 1802.093 1867.093 1983.656 2927.531 2928.437 3260.625 3261.156 3264.468 
22.656 40.500 99.593 102.218 189.781 319.750 348.968 598.312 612.718 649.437 751.718 900.875 931.937 977.937 988.625 1011.968 1123.062 1190.000 1399.687 1477.062 1688.968 1691.968 1706.437 1840.593 1972.000 
20.562 21.000 22.093 39.031 41.437 101.500 102.031 141.750 180.843 184.156 282.906 347.187 483.156 489.093 596.000 664.125 712.562 830.875 837.562 891.875 909.468 996.937 1072.593 1075.500 1189.281 1395.812 1396.437 1490.312 1567.375 1606.406 1641.906 1705.625 1754.406 1881.843 1904.906 1922.687 1949.062 1981.000 2387.375 2660.656 3572.906 3879.937 
20.531 22.406 34.156 34.875 37.187 100.937 104.937 115.187 247.875 248.468 350.125 437.031 449.875 594.937 665.156 679.687 741.375 752.281 786.812 843.875 898.156 927.687 995.781 996.781 1075.500 1154.218 1487.281 1487.812 1589.875 1690.031 1708.187 1733.218 1761.000 1837.343 1879.656 1904.656 1944.437 1954.656 1968.906 
22.750 121.968 248.937 279.968 323.843 370.500 587.312 594.062 597.750 836.312 909.343 1076.281 1135.687 1189.375 1314.781 1397.656 1488.031 1489.625 1542.125 1570.468 1610.093 1692.781 1879.875 2001.656 3365.375 
70.812 102.625 141.187 142.781 376.812 407.875 427.250 429.781 527.375 588.781 612.156 744.375 885.968 889.000 995.468 1118.625 1153.781 1180.062 1330.062 1478.875 1692.750 1709.156 1961.625 
45.937 100.437 319.468 327.656 446.562 458.218 523.156 600.687 665.218 681.125 789.531 792.843 940.781 965.812 1323.906 1328.781 1397.375 1478.968 1511.000 1554.656 3254.687 3256.843 3806.843 
27.781 37.312 78.593 249.593 319.125 446.812 686.843 758.687 787.906 1012.593 1054.750 1936.312 
28.687 37.093 47.687 165.656 180.250 322.000 1304.687 1367.406 
