16.781 53.062 78.281 120.406 302.781 335.062 351.000 397.906 517.875 620.218 699.625 937.156 1376.281 1431.000 1797.437 1942.531 1980.656 3139.500 
16.031 21.312 47.781 88.375 119.968 120.968 203.406 302.375 314.937 332.093 333.875 397.937 434.093 509.875 571.437 634.343 765.375 878.593 956.875 1065.312 1079.500 1147.031 1349.187 1456.437 1457.906 1675.750 1798.156 1981.937 2618.343 3323.281 3727.531 
15.812 19.062 50.093 71.812 119.593 120.875 121.875 187.937 194.968 199.875 313.000 316.875 335.781 622.718 843.343 878.468 1028.406 1128.312 1141.781 1178.656 1265.281 1456.343 1457.656 1534.250 1651.187 1748.906 1789.125 1791.718 1816.937 
15.750 17.187 20.531 26.218 41.125 50.718 57.531 65.968 124.718 315.281 517.156 565.187 574.906 576.031 665.500 673.218 708.437 724.281 782.468 785.625 786.812 787.343 986.656 1145.718 1302.562 1333.187 1348.875 1427.687 1545.125 1569.250 1793.250 1813.843 1865.250 1896.781 1927.718 1981.500 1984.000 2816.343 2829.781 3242.562 3438.781 
17.437 20.062 21.125 25.593 35.500 55.500 78.437 80.812 118.812 120.906 232.312 284.437 315.781 317.031 317.968 439.031 571.781 599.843 619.000 638.906 668.687 670.093 671.781 707.968 732.093 745.125 748.875 768.656 1070.125 1113.906 1199.218 1352.375 1501.812 1512.125 1585.843 1631.437 1657.906 1677.625 1707.750 1887.781 1950.968 1977.718 1979.406 1985.187 2010.906 2037.406 2661.093 3032.031 3056.250 3060.250 3507.656 
73.906 88.531 91.531 120.968 226.843 314.531 315.031 349.406 365.125 615.812 788.031 1105.250 1289.250 1390.625 1431.093 1540.281 1564.875 1586.406 1588.968 1666.250 1864.312 1982.375 1986.875 2610.093 2889.875 3728.531 
17.687 21.187 122.562 334.218 634.968 672.687 746.468 750.343 788.312 841.531 934.625 980.750 997.687 1024.593 1265.968 1394.375 1431.187 1457.468 1499.062 1797.156 1856.843 1967.312 1989.531 3139.875 3709.125 3711.343 
16.968 17.781 20.625 159.593 265.750 466.218 619.312 691.281 770.937 845.656 1108.406 1457.906 1541.250 1583.343 1666.125 1695.593 1726.156 1897.718 1918.312 1966.125 2977.906 
17.000 64.187 193.000 317.656 400.125 509.125 710.093 1072.437 1432.593 1853.250 1870.562 1938.750 1948.562 3091.312 
16.843 18.406 92.406 304.937 350.406 511.343 575.875 617.250 1210.750 1710.437 1854.906 1900.625 1982.093 3239.093 
