18.500 188.906 274.093 316.093 498.937 500.906 512.218 516.843 620.968 718.187 786.468 942.656 988.281 989.000 1072.437 1232.531 1289.406 1335.093 1601.593 1808.218 1824.593 1855.437 2002.031 2199.968 2335.562 2605.812 2609.593 2629.625 2986.093 
18.031 68.531 281.437 375.968 446.750 452.125 513.218 528.187 642.468 651.906 992.593 1026.468 1076.312 1187.937 1231.500 1335.093 1392.500 1475.406 1542.656 1558.562 1599.031 1616.156 1673.656 1822.125 2120.750 2776.375 
24.875 277.718 358.281 454.218 457.531 481.312 499.125 624.656 835.125 966.375 967.750 993.000 1016.062 1044.406 1067.343 1476.093 1822.218 3782.187 
18.843 69.656 82.125 158.437 164.593 169.906 173.125 201.468 277.093 281.625 298.000 397.843 436.000 453.093 528.375 550.812 640.000 758.718 785.437 805.562 820.187 881.250 942.062 1069.187 1131.562 1190.375 1236.375 1259.406 1308.250 1335.093 1542.500 1581.406 1618.875 1701.562 1735.343 1864.875 1960.156 1981.750 2007.406 3640.656 
30.218 86.062 138.062 188.656 202.000 280.406 526.531 669.843 758.875 786.562 1164.218 1187.406 1261.375 1304.312 1310.718 1334.156 1540.468 1582.437 1668.500 1695.812 1716.531 1846.687 1867.625 1905.000 
20.843 29.187 30.812 83.875 138.156 174.000 279.687 283.750 311.500 375.593 481.406 499.625 527.875 785.187 788.562 843.000 878.687 956.750 1018.187 1077.375 1143.656 1188.687 1229.031 1263.156 1308.843 1331.906 1419.343 1509.718 1586.625 1617.906 1809.343 1962.218 2880.156 2898.281 3074.437 
279.843 378.625 457.812 730.781 1186.312 1508.500 1515.531 1727.000 1827.468 1931.500 3132.593 
33.843 183.031 315.093 418.312 499.625 720.937 879.062 1213.312 1370.406 1519.281 1587.031 1599.625 1932.750 1983.437 3101.593 3924.906 
282.843 422.218 426.187 436.250 513.687 989.750 1188.312 1593.031 1671.312 3883.781 
67.750 274.750 476.031 989.656 994.687 1071.125 1174.562 1774.531 
