20.343 76.718 186.937 211.375 299.093 411.437 482.812 494.812 788.281 1072.250 1304.781 1356.562 1870.968 1939.750 1967.687 1992.000 3117.656 3819.343 
176.093 181.031 284.843 302.031 424.718 497.281 575.968 614.281 675.218 732.062 843.968 1047.687 1074.500 1076.000 1206.937 1239.125 1398.593 1645.375 2081.468 
17.968 20.406 397.875 429.031 441.062 482.375 603.250 615.125 694.906 765.812 788.843 1137.031 1356.593 1482.062 1665.656 1744.062 1848.125 1867.906 1950.125 
19.250 36.000 46.781 59.031 102.375 174.656 224.687 360.375 426.531 427.343 487.437 674.781 697.968 793.406 799.687 867.718 883.781 914.187 1007.875 1075.531 1145.062 1208.875 1355.250 1598.812 1624.343 1715.312 1827.062 1848.937 1870.437 1939.875 
16.843 21.031 31.031 62.562 63.500 96.718 175.218 195.562 292.593 314.406 363.937 398.937 482.968 487.031 510.312 514.218 609.312 630.000 724.156 726.187 733.593 764.000 765.375 766.750 788.218 789.562 863.531 870.531 963.531 1052.000 1075.281 1078.031 1125.000 1143.531 1278.593 1297.750 1363.250 1598.656 1626.406 1894.000 1896.812 1995.156 2054.093 
21.250 24.687 114.531 305.812 366.750 487.750 605.625 612.968 613.718 632.093 668.750 793.156 866.218 1054.906 1149.875 1178.906 1268.312 1355.781 1357.062 1443.218 1479.906 1578.312 1750.250 1818.468 1872.125 3472.937 3479.281 
43.093 59.906 116.625 132.406 155.281 425.187 493.281 548.531 589.000 629.437 667.968 697.656 705.187 915.343 1054.875 1421.406 1483.531 1581.343 1645.750 1647.593 1847.281 1970.968 2011.687 2794.562 
67.062 149.562 249.281 400.000 426.156 458.250 461.562 487.937 794.187 916.000 1444.937 1809.125 2704.375 
146.875 221.875 268.531 365.187 537.906 630.437 702.343 1075.843 1514.968 1796.593 1831.468 1871.375 3265.250 
295.687 430.093 1013.375 1369.531 1442.937 
