16.000 134.437 240.937 241.968 258.531 282.875 294.562 367.062 737.687 748.062 792.468 814.250 923.093 1066.062 1166.906 1299.718 1391.562 1399.656 1409.343 1646.312 1649.343 1655.125 1815.625 1916.593 2009.000 3077.718 3079.531 
17.375 20.687 77.906 82.375 110.812 149.781 154.125 241.531 242.156 496.562 750.187 755.656 892.906 923.531 943.656 991.593 1084.187 1160.312 1257.437 1297.312 1519.437 1569.500 1817.250 1880.031 1886.093 2005.531 2007.312 
19.156 20.000 42.875 157.312 366.437 382.406 861.687 920.531 923.562 1019.843 1021.437 1082.968 1162.625 1211.406 1355.843 1394.500 1649.500 1653.218 1695.218 1716.125 1717.437 1761.000 1987.500 2332.250 2570.937 2670.843 2787.187 3104.968 3416.031 3995.781 
18.093 108.875 149.625 172.312 298.437 301.343 381.875 550.062 630.968 650.625 660.468 753.250 814.812 856.437 891.812 921.937 1165.312 1205.906 1303.312 1356.218 1392.593 1401.750 1413.718 1499.156 1527.656 1572.375 1572.625 1692.312 1759.781 1786.531 1841.437 1881.250 3522.968 
17.593 113.656 153.781 155.500 245.406 263.187 452.812 478.875 660.500 661.781 666.593 682.843 686.375 816.343 893.343 923.750 943.593 1210.312 1253.750 1270.781 1437.250 1496.281 1520.062 1629.250 1702.093 1715.500 1748.375 1775.218 1820.593 1922.125 1987.593 2563.343 2590.125 2919.718 3189.312 3212.000 
18.843 21.031 42.781 83.500 151.031 165.250 224.156 295.843 303.812 437.312 440.531 456.312 475.531 486.875 505.906 538.250 663.781 803.718 920.218 925.156 1036.093 1524.187 1531.093 1628.843 1691.406 1699.750 1789.500 2008.375 
17.687 83.218 110.750 384.687 457.562 550.218 604.937 610.375 899.781 920.343 926.343 1033.000 1252.406 1258.000 1505.875 1543.187 1597.218 1628.750 1630.718 1647.000 1815.312 2158.500 3438.906 
19.375 23.437 169.531 635.125 1037.437 1362.593 1396.562 1646.968 1659.906 1876.875 
22.687 41.375 138.093 550.031 1522.812 
19.562 652.343 926.875 1253.500 1318.937 1627.750 1986.562 
