21.781 180.687 266.500 304.812 399.593 428.625 512.468 641.156 856.218 1005.093 1096.468 1156.156 1188.000 1242.437 1271.968 1272.343 1421.937 1473.468 1484.656 1488.437 2268.625 2629.218 
18.312 226.562 230.312 265.218 303.875 408.625 420.062 446.125 446.718 502.625 668.156 680.468 727.625 920.562 986.625 1075.468 1200.937 1247.187 1458.812 1601.906 1981.156 2863.468 2879.218 3201.812 3213.375 3218.281 
53.250 57.437 66.812 71.500 181.125 301.250 307.031 356.750 394.656 530.781 668.031 679.187 680.281 789.343 857.625 858.500 956.843 986.562 1001.812 1005.437 1096.093 1276.062 1382.062 1420.062 1541.250 1615.218 1619.218 1623.812 1776.218 1778.531 1928.000 
18.281 18.843 20.812 51.843 52.593 53.125 114.187 180.156 183.156 302.312 307.000 307.937 357.781 390.593 411.562 427.031 575.781 597.312 639.406 682.125 830.937 848.687 957.343 1123.406 1183.593 1242.468 1350.687 1383.500 1418.093 1420.625 1567.468 1573.250 1631.906 1764.375 1857.625 1881.687 1885.968 1982.468 
52.187 57.656 238.218 303.562 427.968 447.437 595.875 597.031 791.062 937.750 1019.718 1097.156 1241.937 1498.250 1564.812 1570.000 1862.718 1923.593 1927.281 2002.625 3275.937 
42.218 266.062 289.656 304.468 473.593 599.437 650.937 718.375 730.031 884.781 957.312 959.031 983.906 1020.781 1197.875 1201.562 1247.625 1272.000 1294.593 1318.781 1382.781 1735.500 1759.375 1926.968 1928.187 
20.875 22.312 53.281 85.875 261.812 305.250 310.781 412.812 429.281 555.375 686.375 728.250 1150.375 1173.000 1272.000 1272.875 1348.781 1352.406 1542.531 1571.656 1617.812 1632.656 2773.218 2778.781 
53.687 70.750 110.562 227.968 359.468 657.000 682.750 749.406 790.125 833.468 988.000 1004.593 1150.718 1189.750 1200.812 1349.937 1409.875 1542.625 1721.562 1777.437 1928.687 2725.312 3057.562 3060.406 
82.406 606.906 1007.843 1199.312 1575.593 1765.281 1981.562 3131.562 
289.062 608.281 1342.031 1351.468 1767.156 2959.968 3813.562 
