21.906 84.781 132.750 223.125 247.687 329.406 371.062 459.906 633.593 729.000 887.343 989.093 1004.000 1053.187 1054.875 1180.093 1204.062 1467.031 1516.968 1523.343 1642.875 1754.562 1999.718 3159.406 
18.406 36.250 40.187 132.812 154.218 156.781 224.750 372.812 385.781 691.906 728.468 885.593 890.500 977.125 1021.875 1082.312 1133.812 1193.750 1414.187 1518.187 1518.906 1654.343 2000.218 
19.562 36.875 87.531 145.343 149.625 238.187 253.875 535.281 679.375 799.656 958.562 1151.937 1575.812 1732.500 1878.250 
18.781 37.062 86.875 145.687 182.968 205.906 243.968 331.562 539.843 556.625 715.875 727.875 789.656 805.906 854.281 922.875 927.406 1020.031 1048.500 1055.750 1076.468 1084.062 1131.656 1147.875 1204.875 1246.750 1261.750 1265.093 1519.656 1643.812 1644.281 1654.000 1835.312 1850.531 1989.968 2716.500 2719.937 
72.625 131.375 133.093 220.781 280.531 359.906 373.468 430.875 688.375 733.843 803.968 832.875 854.156 1098.531 1304.625 1307.687 1481.781 1655.000 1655.562 1798.187 1952.375 1962.093 2199.031 3014.531 3198.437 3229.781 3232.375 3485.812 
133.375 169.656 276.718 281.875 313.843 331.718 349.312 379.625 587.937 761.093 806.937 855.781 895.562 1078.000 1181.406 1371.687 1515.375 1517.906 1575.968 1578.062 1804.500 1835.781 1877.781 2001.343 2901.406 
23.375 42.125 318.625 557.468 586.500 728.656 734.250 939.468 1022.718 1306.531 1550.843 1655.656 1657.031 1948.437 
178.968 187.593 343.531 375.875 541.687 737.687 853.875 855.312 859.562 942.781 1046.781 1083.031 1242.468 1621.187 1654.687 1676.500 1733.906 2243.593 3055.718 
19.906 280.250 346.000 537.968 868.343 1021.875 1078.031 1488.281 1519.062 1872.750 2076.812 3763.718 
76.531 95.062 1550.312 1983.531 2691.781 
