28.437 79.031 122.781 184.906 227.968 312.062 570.687 760.968 1006.343 1172.531 1346.343 1392.718 1522.312 1728.500 1903.531 2816.875 3341.093 3975.875 
56.343 136.125 182.156 185.718 568.531 751.875 755.000 895.593 1219.812 1260.218 1409.281 1778.156 1977.093 1980.281 3872.937 
27.500 54.750 79.531 95.000 96.062 203.156 233.343 346.375 1152.500 1585.593 1604.843 1645.531 1763.218 1823.625 1863.343 1978.906 
20.781 26.687 28.093 52.343 93.531 120.343 141.343 184.250 203.156 289.468 290.406 331.031 334.718 356.906 754.156 801.093 843.093 1105.187 1106.062 1346.031 1438.218 1542.937 1671.375 1911.093 1911.468 1917.156 
39.593 58.875 95.343 120.312 204.250 222.625 224.125 319.000 459.500 677.343 977.937 1064.781 1105.625 1171.531 1219.062 1411.218 1584.750 1604.000 1644.343 1669.187 1756.125 1979.156 2003.000 3182.062 3630.687 
20.375 25.937 27.843 71.218 123.031 314.593 621.156 639.343 803.937 1058.187 1097.656 1224.812 1348.156 1415.062 1430.593 1511.718 1767.312 1828.843 1870.781 1875.125 1910.875 1915.625 1980.281 1981.812 3954.156 3956.906 
20.687 35.750 55.593 70.125 179.312 248.968 329.531 425.343 429.250 624.781 757.437 771.281 944.156 1525.750 1602.250 1672.625 1808.000 1829.375 1912.156 2302.687 3886.562 3950.906 
22.031 123.968 292.875 668.250 1525.406 1629.187 1769.500 1811.093 1880.250 1902.562 
22.750 23.375 57.625 126.625 288.968 642.437 645.500 799.812 897.625 1042.593 1155.937 1671.562 1748.968 1766.906 1903.500 2177.718 
57.687 462.343 482.562 673.375 1007.875 1216.406 1217.000 1750.718 
