15.906 18.406 31.093 116.718 174.968 175.656 472.343 499.750 898.250 930.218 944.000 1058.468 1133.468 1171.062 1258.718 1342.312 1373.593 1560.500 1563.656 1630.343 1651.531 1871.687 1926.031 1928.562 2672.468 3532.468 3538.343 3869.750 3871.156 
16.000 24.312 39.437 55.937 175.625 386.031 403.562 563.968 626.468 700.156 866.375 1369.875 1510.781 1565.687 1611.312 1652.968 1721.968 1773.718 1836.437 1845.968 1927.468 
15.468 23.250 68.531 99.187 175.562 396.625 424.968 452.250 932.093 1161.562 1340.250 1408.687 1607.312 1716.906 
16.093 114.281 127.468 193.062 212.343 397.781 453.812 455.468 459.968 489.312 540.750 569.875 776.312 898.375 949.156 1076.656 1133.875 1166.125 1195.437 1256.593 1256.906 1288.687 1304.281 1375.343 1564.843 1565.593 1567.500 1611.718 1661.125 1743.375 1793.812 1845.406 1888.687 2460.343 3902.906 3917.750 
16.187 17.281 77.062 129.968 156.593 192.593 362.281 507.093 566.250 568.187 626.843 824.125 854.375 857.343 871.687 974.781 1014.437 1058.875 1133.093 1167.031 1169.531 1217.812 1259.375 1406.281 1506.125 1513.312 1559.093 1636.562 1793.312 1867.062 2111.187 2816.656 
16.406 69.437 131.937 167.187 191.718 219.937 456.625 496.906 545.937 628.281 699.687 843.906 897.562 939.625 964.875 1167.406 1190.187 1261.562 1365.625 1412.500 1565.093 1568.312 1608.062 1610.218 1723.937 1796.187 1869.062 1957.125 
66.750 90.375 154.156 223.625 269.656 272.250 330.093 461.093 551.187 660.437 664.937 667.937 693.875 855.125 963.031 1107.781 1165.531 1172.468 1503.718 1563.531 1635.656 1653.000 1775.312 1953.531 2696.250 
69.687 132.406 136.625 454.343 499.937 541.031 569.750 658.000 730.312 734.093 841.031 1017.062 1103.375 1213.812 1257.593 1304.937 1344.843 1539.250 1566.312 1716.937 1719.593 1890.750 2125.187 2759.281 3676.000 3701.062 
20.656 541.187 666.031 841.375 964.843 1707.562 1792.812 2979.250 
152.750 362.718 541.218 840.406 895.562 1257.187 1306.281 1834.906 
