265.656 463.906 489.343 556.562 621.625 818.968 986.343 1270.531 1445.531 1486.031 1616.531 
75.156 117.718 525.656 958.031 1099.187 1469.937 1485.187 1505.125 1529.906 1993.937 
39.843 179.656 428.437 488.500 621.968 928.062 1015.468 1365.531 1535.843 1907.156 
19.562 74.218 76.312 95.031 214.312 488.187 527.250 729.062 754.562 815.625 959.125 983.968 1013.687 1078.281 1208.875 1244.187 1355.562 1509.812 1536.093 1865.593 1906.593 1959.750 
19.562 52.875 75.406 321.375 342.343 423.812 444.343 526.281 555.500 651.187 794.937 796.031 987.968 1001.781 1015.062 1173.875 1204.156 1271.187 1301.656 1485.781 1511.375 1752.031 1907.375 
44.593 70.562 74.312 321.468 465.968 556.031 651.062 665.250 794.750 979.812 989.906 1099.531 1129.750 1208.343 1271.625 1344.156 1419.437 1468.875 1505.937 1669.312 1739.187 1750.781 1799.343 1839.593 1993.968 3329.843 
19.031 105.156 114.312 267.718 291.750 346.281 428.625 491.250 602.062 754.281 849.625 872.343 927.468 1013.718 1029.218 1099.843 1202.656 1231.718 1356.718 1378.312 1504.687 1591.718 1645.437 1716.343 1955.031 
94.562 664.562 818.437 1099.093 1223.937 1243.687 1271.812 1342.125 1355.187 1419.437 1486.093 1538.906 1684.468 1716.937 1750.843 1784.281 1818.312 1994.250 
152.656 429.500 621.343 830.000 871.656 956.281 1099.125 1158.250 1203.062 1629.625 1774.718 
41.156 50.156 153.406 525.437 651.375 658.812 986.218 1014.937 1030.437 1130.687 1225.281 1244.156 1342.375 1350.687 1386.812 1645.250 1686.312 1839.968 1870.781 1958.437 
