24.718 242.156 1111.093 1127.875 1517.968 1753.218 
855.343 1011.375 1167.875 1836.406 1966.468 
52.375 177.406 606.687 902.687 1056.562 1111.093 
14.718 25.562 36.968 46.218 177.031 198.250 218.343 334.343 463.875 477.000 645.500 750.156 769.531 829.093 1006.062 1055.375 1255.125 1285.687 1376.906 1656.937 1702.562 
23.843 124.406 167.156 217.750 241.468 477.187 770.031 877.000 927.187 981.343 998.187 1026.875 1058.000 1275.281 1278.000 1341.593 1390.562 1692.812 1701.593 1859.968 1941.687 
24.593 88.500 118.000 118.750 330.031 376.437 394.218 829.000 1275.906 1374.937 1389.593 1451.968 1531.093 1834.718 1861.125 1902.125 1980.437 
89.187 150.656 198.093 356.406 356.625 406.625 524.937 576.156 642.437 769.531 909.687 997.218 1035.781 1112.093 1169.937 1341.406 1389.531 1432.968 1522.656 1941.250 1992.156 
37.593 53.500 294.093 317.062 408.750 538.906 640.625 900.218 929.468 1034.093 1047.687 1168.625 1322.218 1688.062 1717.500 1861.125 1899.781 
34.250 40.312 47.531 153.250 198.281 323.937 532.750 647.750 691.500 725.656 876.781 911.937 1007.375 1342.500 1398.781 1756.937 
51.562 150.687 167.843 197.593 252.000 352.781 539.593 581.343 928.937 1057.093 1112.000 1342.531 1431.187 1512.218 1522.468 1703.500 1738.656 1740.500 1834.281 1846.250 
