58.312 191.406 227.562 387.968 902.500 1003.343 1135.093 1561.000 1613.656 1752.125 
34.125 153.937 405.500 550.468 645.562 1100.531 1112.500 1282.250 1354.406 1458.812 1724.125 
32.687 73.343 752.656 878.750 1380.500 1812.687 
15.531 37.906 45.375 55.843 128.500 205.437 406.687 463.656 637.468 690.437 698.437 752.875 894.156 970.781 1146.625 1194.343 1446.875 1811.281 1825.125 1859.843 
17.906 35.406 46.968 127.656 156.250 187.500 194.125 206.687 283.625 315.906 407.968 519.031 594.312 792.593 812.250 926.968 1099.531 1112.062 1261.718 1382.687 1541.406 1560.531 1633.812 1640.875 1710.281 1792.531 1800.781 1826.062 1872.593 1895.281 
207.625 387.781 404.281 518.906 923.843 1051.718 1194.656 1236.531 1261.406 1276.718 1282.781 1552.906 1579.625 1905.875 1966.281 
153.156 178.906 196.906 403.562 648.187 792.718 891.812 924.000 1112.250 1135.562 1146.656 1283.281 1319.593 1552.656 1557.750 1581.093 1614.406 1750.437 1772.968 1793.718 
18.000 73.875 120.125 178.562 196.656 518.218 594.468 635.625 704.781 915.843 1146.937 1238.375 1284.281 1319.562 1363.593 1383.218 1632.531 1727.937 1769.812 1774.343 1793.437 1822.500 1879.281 1936.437 
21.093 35.406 53.687 197.000 247.843 283.562 753.156 792.718 860.562 1281.250 1541.125 1550.593 1568.468 1755.906 1766.562 1771.875 1821.968 1930.593 
15.468 17.437 91.843 120.062 461.375 468.500 493.937 508.968 698.000 703.781 765.968 792.218 959.593 1361.906 1407.875 1614.687 1640.468 1725.187 1773.312 1795.531 1796.968 1801.843 1822.656 1861.843 1880.062 1925.562 
