281.718 419.468 591.468 669.906 700.125 785.250 1822.218 
28.218 53.312 82.125 135.281 219.156 267.718 351.937 392.843 443.000 545.812 592.812 977.968 1090.062 1401.250 1715.718 
84.156 219.906 373.625 533.312 1083.406 1440.250 1628.437 
13.968 55.218 105.656 113.281 174.593 204.250 241.593 253.968 288.875 460.375 532.968 561.062 616.781 652.437 701.000 745.937 826.843 847.031 934.718 995.656 1200.562 1214.843 1399.812 1473.187 1670.687 1715.093 1750.906 1944.375 
29.156 83.937 115.187 206.437 353.562 376.031 496.718 545.968 650.937 724.656 746.125 783.562 845.000 863.781 978.375 1083.562 1092.156 1111.187 1216.531 1274.125 1320.406 1401.906 1439.156 1479.656 1667.812 1857.468 1928.156 1999.000 
54.562 218.531 285.187 310.406 312.093 393.343 663.687 865.906 948.500 977.187 1192.500 1217.062 1439.625 1636.312 1880.687 1930.000 
60.937 219.281 561.875 783.937 970.812 1140.187 1215.937 1273.156 1401.343 1525.531 1565.562 1728.562 1775.375 1857.625 
53.406 174.718 363.031 499.156 533.156 563.125 651.031 699.562 722.375 785.093 1085.531 1207.468 1273.843 1298.593 1319.125 1612.593 1716.125 1857.500 1857.968 1945.031 
132.156 251.781 326.625 374.593 390.562 576.593 624.343 716.968 722.250 1018.125 1192.000 1497.187 1594.593 1614.375 1841.625 1856.687 1989.562 
14.531 36.562 84.062 105.125 136.125 218.593 603.312 660.625 785.718 826.281 950.625 1044.312 1082.875 1319.250 1731.343 1770.093 1996.812 
