13.968 125.250 371.156 424.406 704.531 743.843 1380.625 1533.750 1603.906 1657.625 1729.906 1822.156 1831.250 
15.250 126.125 421.906 508.125 541.250 704.875 824.968 917.843 1373.062 1428.531 1604.343 1659.062 1698.656 1708.375 1899.093 
435.406 641.468 658.906 698.062 879.968 1184.468 1312.031 1466.562 1604.531 1737.062 1791.375 1988.218 
11.968 34.281 125.312 187.312 270.312 371.093 373.750 529.187 540.250 700.937 788.062 945.906 1012.187 1116.750 1143.937 1153.531 1168.875 1246.468 1285.843 1312.000 1313.406 1423.593 1521.312 1603.656 1637.000 1795.468 1947.156 
37.250 97.500 153.656 175.437 186.687 264.187 284.437 304.062 325.406 326.500 371.343 564.093 680.031 702.531 1031.687 1088.187 1109.625 1189.468 1205.437 1246.500 1314.500 1428.781 1466.562 1603.937 1658.281 1739.000 1750.937 1804.281 1830.250 1856.781 1868.531 1944.656 
35.000 96.718 138.812 154.218 229.718 326.625 409.593 498.718 562.593 574.187 623.218 788.250 1119.250 1724.875 1803.593 1956.656 
21.593 33.437 57.906 84.812 229.781 303.218 326.656 360.187 420.125 496.187 822.093 876.437 949.281 1020.843 1304.343 1324.750 1697.843 1707.687 1753.937 1803.781 1815.593 1843.750 1868.843 1958.125 
14.718 34.968 81.875 176.218 305.375 357.687 407.312 436.062 485.500 497.906 580.187 623.656 639.593 731.875 823.093 827.312 879.093 946.437 1247.000 1310.718 1434.406 1525.250 1532.593 1619.375 1722.875 1728.218 
12.250 32.156 35.437 38.500 42.968 55.718 62.843 96.968 154.281 228.687 274.781 358.406 358.687 529.843 598.843 638.843 658.906 679.125 702.843 863.625 877.562 1169.468 1185.968 1242.593 1378.406 1402.218 1429.968 1610.687 1641.156 1750.156 1788.125 1796.468 1949.468 1962.812 
15.468 32.062 80.531 154.562 230.093 273.437 282.875 370.812 563.656 641.500 1018.906 1077.843 1082.468 1155.593 1221.937 1246.906 1254.218 1378.906 1420.312 1610.281 1658.812 1736.375 1778.625 1868.187 1899.937 
