16.000 36.250 92.093 154.468 335.187 538.125 925.500 1263.750 1440.687 1588.031 1707.031 1765.156 1807.656 1876.093 
52.937 226.312 268.218 513.531 789.656 1035.562 1254.125 1264.625 1641.156 
693.218 813.375 1123.656 1156.875 1453.031 1570.843 1607.031 1686.562 
19.125 77.843 189.187 209.156 212.406 234.468 274.375 333.250 462.031 508.031 682.562 827.406 827.781 851.375 1035.062 1257.500 1454.281 1627.875 1634.343 1706.906 1726.531 1732.031 1765.312 1877.500 1924.312 1954.750 1962.937 
94.718 119.343 148.593 238.281 249.968 322.187 337.218 378.812 458.406 504.843 516.468 561.906 583.312 613.343 662.437 742.062 851.375 880.781 1120.156 1210.718 1414.062 1440.968 1466.281 1587.031 1625.250 1652.687 1707.062 1764.843 1815.000 1878.781 1954.187 1994.250 
16.250 17.750 38.281 98.125 127.718 221.187 318.218 334.375 489.250 600.593 682.500 772.031 890.937 891.531 892.812 979.062 1038.406 1210.406 1239.625 1302.000 1349.062 1414.875 1451.781 1588.187 1641.312 1680.312 1870.750 
32.937 97.968 119.500 224.125 262.531 267.187 462.062 682.843 827.187 838.375 913.406 1049.531 1196.187 1240.531 1262.468 1276.187 1414.125 1452.406 1532.906 1555.375 1639.843 1652.468 1765.312 1927.187 1962.187 
20.343 41.968 454.062 515.562 561.218 589.375 747.000 1210.906 1386.312 1433.281 1456.968 1488.125 1588.500 1625.000 1626.906 1705.000 1808.937 1982.750 
24.750 164.750 276.906 284.062 662.750 789.593 853.531 893.031 912.812 925.875 1009.125 1123.000 1156.343 1180.437 1211.125 1211.562 1262.750 1352.312 1436.031 1451.968 1509.687 1529.156 1586.593 1680.500 1693.218 1706.468 1726.781 1765.906 1796.000 
15.718 378.531 507.875 560.531 683.093 751.656 794.156 863.531 889.562 1035.406 1265.125 1587.312 1622.437 1643.000 1726.625 1765.312 1964.562 1983.687 
