29.156 66.687 79.343 377.437 896.156 1091.187 1169.625 1617.562 1697.781 
62.937 178.531 272.156 698.781 710.687 863.406 977.781 1327.718 1593.031 2003.343 
82.343 146.218 272.687 588.781 954.375 
18.031 30.468 146.656 166.062 178.562 234.000 281.687 306.375 345.750 377.156 406.500 413.937 541.906 562.843 704.718 934.406 1063.125 1090.843 1115.375 1376.125 1525.031 1677.250 1697.031 1746.406 
17.625 46.437 52.218 413.156 511.437 698.656 710.843 714.187 804.500 907.281 977.781 1028.843 1053.656 1063.781 1085.093 1167.562 1190.687 1234.750 1311.125 1546.281 1552.531 1568.062 1596.625 1616.906 1800.062 1878.625 
83.531 147.093 347.406 443.781 537.781 594.406 618.531 704.843 952.093 978.437 1097.750 1235.187 1345.250 1594.375 1834.281 1851.468 1877.312 
22.781 32.687 43.875 75.468 166.687 431.812 536.593 751.718 782.187 1025.562 1273.781 1315.593 1546.625 
19.156 21.156 44.968 146.687 153.187 293.812 306.281 306.781 346.875 457.093 508.281 555.625 603.562 712.625 715.000 720.968 748.156 766.093 786.593 924.406 1046.437 1063.031 1085.562 1154.156 1173.437 1193.906 1272.625 1329.218 1331.281 1546.343 1656.593 1678.187 1809.218 1819.281 1877.062 1896.281 
16.875 55.875 76.093 148.062 307.000 407.562 509.625 514.156 585.593 713.218 780.343 805.812 865.875 978.281 1154.875 1177.625 1183.218 1331.375 1373.781 1616.656 1661.906 1681.968 1800.031 1814.687 1851.375 1941.218 1988.500 
40.718 235.312 539.812 754.375 976.937 1272.781 1344.031 1378.031 1437.406 1437.781 1695.906 1752.406 1797.093 1824.906 
