24.343 687.625 1181.750 1823.000 
132.812 225.437 269.187 595.000 1054.875 1153.593 1421.625 1453.625 1518.562 1719.281 
38.406 464.718 857.781 1120.031 1296.593 1741.187 
22.843 35.593 115.218 132.750 270.562 465.687 483.718 591.218 658.500 661.250 692.125 711.781 826.437 859.093 895.625 1117.468 1178.906 1331.781 1366.593 1493.437 1519.343 1606.843 1781.468 
30.281 217.812 308.156 315.968 423.125 578.718 620.312 683.250 975.343 1056.968 1108.031 1120.531 1132.906 1183.000 1256.375 1316.500 1380.781 1390.906 1453.375 1519.375 1533.937 1565.750 1656.125 1719.781 1750.531 1818.187 
62.500 132.562 162.375 331.562 444.968 530.750 619.468 1096.187 1293.375 1331.656 1380.531 1519.218 1880.781 1974.812 
17.625 24.125 38.281 73.125 116.000 248.812 279.343 332.156 618.500 826.781 878.875 1103.968 1124.218 1151.312 1175.625 1381.500 1402.406 1471.375 1534.281 1537.062 1566.375 1575.937 1748.250 1954.000 1985.156 
224.968 384.468 483.562 578.687 600.625 853.093 902.781 973.593 978.375 1147.593 1183.531 1254.718 1255.187 1294.437 1317.031 1331.781 1381.562 1390.250 1454.375 1493.000 1573.187 1823.187 
37.687 162.531 483.875 602.531 616.937 839.593 999.937 1121.281 1184.187 1229.406 1255.187 1316.625 1317.875 1341.000 1403.968 1491.687 1506.875 1533.937 1565.531 1576.468 1621.468 1622.000 1748.718 1982.656 
37.687 228.125 533.218 936.250 1140.562 1166.343 1185.343 1317.281 1421.343 1421.875 1470.218 1518.437 1536.031 1565.250 1612.000 1717.906 1741.031 1823.468 
