22.687 24.781 44.968 89.812 155.031 223.468 242.312 277.656 523.812 556.312 618.406 678.531 767.187 790.562 969.687 998.687 1010.218 1046.656 1091.281 1125.906 1211.656 1231.062 1235.718 1237.625 1331.218 1354.343 1442.000 1481.312 1616.500 1634.343 1655.687 1773.812 1796.343 3530.593 
23.968 89.781 370.906 371.593 626.937 912.093 1553.906 1723.750 1750.093 1798.718 1820.125 
57.781 793.781 977.281 1470.437 1649.875 1820.093 1949.750 
15.281 23.250 49.187 56.406 66.312 89.437 182.468 274.250 274.968 308.937 330.937 707.062 1008.875 1066.437 1110.031 1208.093 1236.968 1376.156 1473.718 1542.062 1570.875 1586.406 1750.062 1796.593 1820.031 1839.812 1865.593 1903.000 1920.312 
15.843 26.781 36.593 54.593 57.343 65.718 89.906 124.468 124.781 157.750 209.062 225.218 370.250 388.156 388.531 477.156 489.906 662.968 682.312 738.468 793.281 794.437 831.625 998.281 1094.406 1208.343 1231.062 1373.718 1417.906 1537.156 1652.031 1748.093 1797.093 1930.687 
26.343 89.843 113.968 225.718 348.593 438.468 796.531 977.843 1065.375 1167.218 1187.718 1190.875 1515.812 1650.625 1750.062 1839.531 
16.031 64.968 225.312 401.031 706.437 797.281 976.562 1067.875 1083.781 1091.406 1441.343 1441.843 1537.343 1587.875 1650.156 1723.375 1755.125 1819.781 1860.062 1934.062 
23.968 39.437 131.031 373.562 447.218 672.625 813.656 909.031 997.750 1048.000 1066.781 1092.375 1113.843 1354.218 1375.156 1548.031 1763.062 1822.843 1920.906 
15.843 56.343 89.937 124.406 207.187 349.062 359.000 387.750 783.156 1000.718 1047.125 1084.156 1207.875 1376.375 1442.531 1489.625 1666.562 1778.562 1798.343 1903.187 1920.625 
26.156 40.187 227.125 244.437 248.843 316.843 359.312 369.968 388.062 512.968 662.906 797.218 844.375 948.531 969.656 997.968 1009.593 1090.500 1110.656 1239.812 1284.562 1439.031 1480.562 1625.875 1796.593 1840.031 1862.750 1921.968 
