29.812 76.468 191.250 515.687 664.843 720.031 865.500 986.062 1029.500 1212.906 1499.000 1699.750 1746.718 1987.500 
13.937 93.093 110.031 299.531 667.156 918.562 944.375 1297.718 1385.406 1486.437 1573.156 
80.250 255.812 281.000 571.500 640.156 852.250 1012.875 1383.937 1571.531 1632.718 1759.125 1807.625 
39.031 46.812 58.187 95.625 136.906 195.031 260.375 262.187 665.281 864.031 875.593 1118.781 1201.218 1211.468 1285.781 1297.250 1302.187 1386.656 1517.093 1520.937 1603.906 1630.843 1666.125 1746.687 
29.468 49.156 50.781 75.312 111.281 116.875 176.500 208.500 281.000 299.812 329.687 397.812 400.906 548.687 781.093 877.000 970.562 1012.343 1090.531 1178.687 1190.250 1199.000 1213.875 1285.406 1536.968 1662.906 1663.531 1701.062 1843.406 1960.343 
18.968 30.125 38.906 191.875 204.718 227.281 256.281 330.218 437.500 506.250 570.468 737.125 805.375 832.750 943.500 990.875 1006.093 1088.062 1099.968 1151.343 1212.437 1548.531 1629.687 1715.468 1806.718 1849.781 1898.687 
12.875 81.781 216.281 228.343 255.781 258.875 376.406 569.468 833.093 985.812 1090.843 1298.062 1385.718 1408.968 1518.875 1608.687 1618.593 1632.218 1638.406 1664.218 1750.656 1805.968 1849.812 1971.500 
80.000 93.750 145.343 329.343 346.906 639.718 779.937 917.437 994.531 1060.156 1089.125 1245.375 1301.343 1409.812 1422.562 1573.531 1593.906 1715.125 1849.500 1960.781 
18.781 29.406 47.468 80.593 91.750 155.062 175.906 257.281 480.906 549.812 665.781 926.125 943.312 988.750 1209.375 1389.875 1519.312 1528.562 1531.093 1746.343 1960.406 2523.718 2528.156 
95.156 196.187 229.031 397.937 438.093 527.875 550.437 597.437 625.687 626.343 866.343 883.437 1214.562 1297.500 1384.843 1408.875 1438.437 1460.718 1486.468 1517.562 1528.781 1548.781 1692.125 1702.093 1714.750 1746.875 1773.843 1806.718 1849.843 1850.500 1937.531 1961.562 
