911.125 1256.593 1890.250 1904.656 2249.656 2375.625 
1140.500 2139.343 
68.218 557.968 650.656 947.968 1067.406 1128.218 1417.906 1814.843 1998.593 2262.406 2385.125 
569.531 623.781 650.562 836.656 910.218 919.781 922.437 1030.562 1154.312 1168.593 1277.656 1418.750 1423.500 1433.781 1441.156 1503.218 1528.281 1723.375 1725.875 1890.187 1916.500 1997.093 2134.781 2149.000 2160.062 2179.406 2247.125 2498.218 
427.812 436.906 445.375 563.281 650.218 673.093 677.937 774.437 1256.843 1409.812 1418.468 1431.062 1527.031 1532.281 1803.875 1901.875 2140.750 2148.468 2172.562 2374.718 2444.062 2500.906 
80.000 189.437 650.562 659.500 676.125 909.500 919.593 1007.562 1159.843 1175.000 1186.312 1392.312 1416.218 1845.656 1889.968 1989.281 2080.437 2125.281 2134.062 2155.593 2246.031 2280.906 2366.125 2392.531 2406.250 2427.250 2509.500 2514.843 
736.375 835.468 945.656 1068.125 1167.093 1401.562 1429.593 2134.781 2178.000 2376.812 2445.968 2498.000 2519.968 
563.468 650.531 680.218 910.156 922.500 1028.250 1068.125 1171.562 1196.593 1302.125 1420.187 1544.031 1814.937 1890.937 1904.656 1915.093 1915.562 2075.875 2115.562 2132.156 2134.687 2282.781 2375.906 2417.156 
75.625 556.437 911.687 1067.812 1177.656 1195.281 1533.781 1707.062 1816.343 1988.625 2250.312 2361.000 2411.312 
61.000 555.937 650.312 909.687 921.531 1068.437 1088.343 1436.812 1628.937 1653.125 1721.718 1949.406 1988.906 2144.187 2150.718 2158.937 2447.531 2498.218 
