100.406 100.968 221.312 866.093 1046.093 1159.750 1234.937 1863.281 2027.187 2056.500 2275.250 2339.812 
856.312 1138.250 1241.250 1527.593 1668.625 1774.437 2055.593 2167.968 2236.843 2315.343 2489.500 
100.343 124.375 426.218 588.468 907.468 1204.406 1584.406 1890.031 2309.875 2347.375 2492.312 
19.937 73.312 87.687 101.437 109.187 196.531 341.875 482.062 587.625 696.343 748.906 765.406 1078.718 1090.500 1216.562 1447.500 1637.000 1648.250 1785.781 1972.687 2019.125 2485.687 
100.281 222.718 486.500 560.843 901.750 1063.187 1071.187 1137.000 1157.781 1217.781 1253.250 1335.562 1655.000 2052.531 2181.125 2236.875 2284.281 2290.562 2330.875 
73.468 126.687 312.718 351.656 359.281 362.218 511.843 552.437 784.187 909.968 930.406 978.937 1057.562 1073.843 1164.218 1655.906 1767.375 2057.906 2165.093 2179.343 2236.562 2290.062 2488.156 
93.093 100.312 106.406 113.468 206.750 349.812 407.812 480.718 597.093 663.312 1088.437 1178.125 1215.625 1345.375 1411.937 1525.406 1661.125 1676.500 1694.375 1793.625 1829.625 1877.843 2267.281 2334.750 
99.750 123.906 340.781 528.750 574.250 582.625 664.187 783.343 959.781 1082.812 1181.843 1754.343 1844.875 2028.875 2161.656 2173.187 2187.500 2265.906 2308.250 2326.656 2492.781 3644.656 3648.187 
87.312 206.593 408.031 434.437 548.468 591.968 786.625 873.875 909.906 915.125 950.531 1062.062 1137.843 1138.500 1191.500 1227.468 1441.687 1571.593 1604.062 1755.312 1785.000 1810.843 1867.968 1875.750 2035.875 2161.906 2177.812 2187.625 2261.343 2315.718 2487.281 
96.031 112.125 208.812 241.281 341.156 410.062 489.437 584.750 684.031 696.031 722.437 723.406 785.843 901.906 1045.312 1086.562 1105.656 1317.187 1411.906 1448.875 1584.375 1780.250 1786.625 1863.468 1886.375 1965.000 2018.562 2031.343 2050.906 2161.875 2252.468 2270.593 2318.750 2486.000 
