291.062 831.937 971.062 995.812 
566.500 1208.937 1244.250 1301.437 
86.062 131.937 250.687 289.312 598.375 841.625 1013.437 1295.750 1347.937 
12.843 289.406 298.437 307.031 626.625 668.031 970.656 974.093 1072.531 1101.312 1357.468 1374.312 
76.437 84.781 119.687 255.343 587.125 660.937 1020.968 1299.062 1307.343 1324.312 
97.937 131.187 566.406 663.031 1257.843 1284.937 1337.843 1394.625 1856.343 
25.187 289.843 593.968 831.281 917.781 970.937 998.437 1177.906 
54.375 154.625 217.343 522.562 677.000 692.312 790.156 970.843 1193.562 1304.781 1354.375 
76.968 207.093 290.031 297.562 297.812 449.375 497.187 550.843 1100.937 1221.375 1354.375 1393.812 
217.375 252.000 550.593 673.656 1012.312 1329.125 1381.062 
