594.281 1408.093 
34.906 40.687 47.593 211.593 650.750 651.156 700.406 772.187 1067.875 1092.437 1396.875 1419.062 1488.062 
563.031 741.437 961.062 1067.562 1367.843 
32.468 38.093 60.875 488.343 504.968 650.875 735.062 1068.312 1213.875 1274.562 1356.156 1362.156 1433.562 1454.187 1468.562 
38.656 175.437 182.562 206.531 266.062 650.531 960.656 1300.468 1380.312 1471.312 2756.187 2756.656 2760.156 
38.187 48.593 59.343 67.625 382.531 403.062 406.187 450.625 651.062 674.625 726.250 734.625 778.000 959.187 994.875 1226.218 1352.750 1455.843 1488.968 
47.312 49.937 58.312 67.437 287.906 299.656 406.625 498.812 504.531 1204.906 1223.718 
37.375 47.437 160.906 506.687 586.000 686.062 759.625 771.500 960.687 1136.656 1211.843 1222.218 1280.531 1408.593 1454.093 1466.937 
38.500 53.406 276.125 497.187 522.500 601.250 650.687 737.656 2021.031 
57.812 67.343 149.437 190.812 221.062 289.406 383.718 476.312 477.906 504.781 584.750 740.468 785.437 965.906 1067.562 1353.031 1460.031 1465.312 1488.375 
