71.562 104.718 495.343 710.406 1353.031 1833.125 2404.968 
72.468 487.437 1134.250 1587.906 1939.843 2162.250 2337.406 
92.093 237.781 558.531 1200.843 1371.812 1664.093 1748.281 1813.125 1884.093 1987.687 2002.437 
77.687 525.125 561.000 814.656 859.500 886.843 908.500 972.843 1031.343 1055.562 1057.125 1058.968 1160.218 1238.218 1352.906 1382.062 1845.875 1847.937 1929.250 2150.218 2163.750 2273.875 2276.031 2315.437 2415.593 2416.875 
71.250 77.250 137.218 632.843 766.875 886.062 982.343 1060.968 1111.375 1134.718 1171.750 1184.000 1228.718 1235.375 1349.968 1351.437 1612.031 1678.093 1812.906 2004.500 2239.187 2268.875 2276.906 2330.875 2337.312 2348.093 
91.500 237.343 483.500 549.187 570.781 632.562 996.187 1035.843 1073.875 1662.843 1748.468 1814.281 1844.562 1845.468 2171.062 
88.843 125.875 231.718 245.875 476.625 495.437 507.343 571.093 632.468 659.312 667.593 897.031 982.250 1151.593 1201.031 1372.156 1379.562 1404.000 1922.437 2275.562 2352.250 2408.281 2426.750 
476.562 722.312 1104.687 1197.406 1213.562 1228.812 1234.375 1350.000 1387.375 1407.218 1615.500 1680.125 1812.468 1844.406 2154.812 2156.562 2240.750 2301.968 2302.875 
94.906 226.437 476.906 495.531 524.406 645.531 709.562 906.593 988.625 997.093 1026.625 1158.875 1171.468 1351.187 1401.875 1581.406 1748.875 1900.625 1944.000 2003.843 2246.031 2303.062 2418.218 
72.187 99.906 472.437 490.281 640.562 646.406 763.312 858.937 887.562 1047.906 1090.906 1171.437 1351.437 1388.468 1844.031 1921.125 2006.093 2228.468 2244.906 2331.812 2333.625 2405.593 
