278.656 980.406 993.968 1023.781 1073.593 1132.437 1160.500 1712.156 
14.343 923.750 1004.500 1121.406 1549.062 1581.031 1746.593 
260.625 521.750 842.031 859.812 952.500 1324.312 1378.906 1394.687 1404.250 1423.562 1487.343 1488.562 1501.437 1559.750 1617.937 1712.781 1734.187 1746.468 
15.875 280.312 285.500 957.031 1034.187 1066.437 1092.750 1136.156 1379.187 1391.406 1431.406 1490.093 1504.562 1695.812 1853.000 
196.625 279.500 542.468 760.125 810.812 820.718 838.593 842.812 914.437 963.812 989.281 1032.781 1087.656 1134.937 1155.718 1240.875 1301.875 1332.781 1334.812 1370.937 1427.625 1555.781 1627.125 1652.062 1663.281 1671.906 1678.437 1737.093 1744.062 
257.156 334.968 533.218 551.937 742.031 755.125 820.718 828.625 869.906 946.500 974.812 1000.843 1087.562 1110.625 1125.250 1133.781 1165.906 1376.375 1479.781 1573.406 1626.093 1651.062 1701.343 1725.593 1733.250 1744.656 
286.593 858.812 889.000 923.000 957.312 1090.875 1139.468 1148.687 1165.281 1335.687 1501.187 1545.312 1636.281 1716.625 1750.937 
293.062 848.500 995.343 1044.656 1056.312 1092.500 1133.468 1154.343 1160.375 1234.062 1324.843 1346.750 1385.375 1544.312 1586.937 1611.812 1636.500 1654.937 1700.218 1712.125 1717.750 
261.500 293.281 541.625 819.968 1067.031 1079.875 1152.343 1166.093 1394.843 1411.781 1413.062 1488.812 1575.312 1646.718 1679.781 1716.781 
243.250 257.812 272.093 279.031 543.718 550.687 747.218 756.906 852.218 965.031 979.000 1067.375 1119.218 1133.500 1164.843 1326.562 1361.500 1385.656 1395.187 1412.437 1423.718 1539.312 1540.093 1561.250 
