795.218 
89.250 468.375 770.906 904.437 
86.750 262.812 295.093 607.125 740.312 776.562 797.031 802.281 
90.656 274.312 285.656 292.468 433.718 602.312 603.437 736.156 781.875 875.562 1020.062 1266.187 1267.562 1275.250 1297.500 1306.500 
83.250 90.437 273.656 468.343 470.718 577.125 607.750 619.875 633.218 738.187 851.281 876.812 905.750 1043.562 1092.031 1094.312 1096.281 1257.718 
102.750 274.375 441.625 472.312 612.781 777.250 784.062 842.000 877.781 889.062 1237.812 1299.156 
94.937 105.718 274.000 422.843 603.656 612.718 622.843 804.718 839.437 870.125 895.437 1029.187 1110.968 1238.718 1306.781 1307.687 1366.187 
83.125 96.031 274.562 782.968 784.343 903.406 1028.406 1237.718 1375.468 
131.375 797.031 822.250 910.906 1034.031 1089.906 1094.937 1360.593 1397.750 
114.125 441.250 622.218 760.343 821.906 823.250 1110.343 1295.812 
