57.625 752.468 918.781 1148.593 1163.531 1193.250 1466.062 2290.281 2292.125 2404.218 
204.906 345.406 855.562 910.843 1088.156 1095.625 1106.500 1217.250 1315.781 1471.750 2001.937 2235.375 2353.718 
72.500 79.062 773.937 1011.531 1154.562 1162.625 1282.625 1503.312 1511.531 1776.625 1848.843 1917.750 2013.562 2056.093 2122.187 2126.375 2228.875 2305.375 2317.375 2342.250 2368.218 2390.343 2413.218 
58.000 95.000 355.593 830.312 918.468 1006.375 1024.531 1210.593 1217.843 1362.531 1382.843 1442.687 1482.343 1705.812 1745.625 1827.281 1917.843 2084.437 2108.468 2129.000 2317.968 2330.531 2344.937 2351.781 2414.093 
72.437 232.687 340.656 1006.187 1041.937 1124.437 1134.281 1191.562 1228.218 1317.750 1365.031 1374.718 1390.968 1431.531 1487.093 1494.687 1509.093 1668.062 1952.593 2066.187 2109.718 2124.000 2220.187 2271.718 2350.500 2357.468 2393.343 
58.750 478.437 641.187 765.562 872.250 1150.968 1210.468 1217.968 1363.093 1416.843 1482.218 1648.093 1737.531 2179.812 2270.968 2284.968 2304.187 2350.718 2388.968 
81.437 203.312 362.312 651.343 906.375 1019.781 1107.281 1178.781 1201.875 1226.812 1363.156 1445.218 1458.531 1736.718 1764.968 1780.062 1826.375 1986.031 2015.156 2273.312 2317.218 2359.062 2393.937 
95.718 174.187 176.437 218.500 641.937 1037.937 1150.843 1186.187 1215.531 1292.125 1365.281 1394.843 1443.656 1503.437 1647.843 1778.781 1928.093 2111.187 2273.468 2419.375 
66.406 79.687 459.593 857.718 875.468 993.250 1123.093 1145.687 1192.500 1225.437 1363.250 1391.062 1397.218 1486.687 1498.031 1759.312 2036.468 2129.781 2188.406 2272.062 2346.562 
60.000 71.812 232.375 495.687 642.218 652.250 872.812 1163.281 1218.187 1317.406 1685.625 1736.937 1839.250 1940.500 2020.343 2063.906 2123.687 2410.406 
