103.906 358.656 512.875 1159.406 1332.312 1804.812 1891.125 2186.031 
512.625 847.500 1068.468 1391.125 2119.281 
103.843 529.656 1258.593 1886.281 2168.218 2211.125 
87.718 108.531 498.406 513.718 521.906 711.656 847.812 1051.406 1265.250 1473.343 1585.187 1612.000 1623.343 1917.562 1957.406 2046.312 2185.031 
39.687 109.312 137.281 143.093 365.125 522.968 530.125 695.625 878.843 955.812 1331.031 1458.593 1470.281 1475.437 1600.031 1604.281 1771.281 1896.843 2083.750 2142.562 2164.875 2198.687 
129.906 164.000 720.093 1135.812 1181.187 1225.687 1243.718 1279.093 1365.343 1380.656 1389.812 1452.062 1758.625 1941.656 1996.968 2022.718 2081.218 2125.125 2216.406 
40.531 117.031 154.875 372.218 513.750 531.437 720.250 855.531 860.156 1227.687 1328.406 1364.562 1452.625 1718.625 1939.250 1939.781 1957.906 2016.343 2196.156 
117.125 137.156 299.781 512.593 970.187 1026.281 1192.875 1229.750 1237.031 1363.031 1375.125 1391.312 1867.781 2029.656 2143.843 2192.187 
110.812 129.468 685.437 1159.031 1175.812 1258.187 1410.531 1476.750 1754.062 1941.968 2029.187 2144.125 2160.437 2184.000 2184.562 2196.187 
355.750 357.281 365.500 512.875 513.593 694.187 847.687 1119.125 1153.718 1391.000 1451.218 1783.000 1923.312 1924.031 2184.593 2211.593 
