527.500 979.343 1027.375 1191.500 1319.062 2311.343 
374.562 386.093 654.281 929.875 1005.656 1509.875 1530.750 1542.250 1551.343 1974.937 2056.562 2076.468 2172.500 
97.218 102.968 228.718 243.093 384.718 1001.062 1212.687 1221.968 1256.937 1281.750 1290.875 1303.281 1416.187 1509.781 1529.843 1891.937 1972.125 2138.093 2180.375 
102.500 116.406 220.718 230.000 388.312 639.843 654.750 913.593 927.093 1188.406 1230.531 1292.156 1299.000 1306.687 1340.312 1412.812 1501.781 1800.468 1901.906 2116.218 2160.531 2344.593 2352.062 
108.187 242.187 252.656 264.500 396.687 560.468 663.281 913.593 927.968 1278.500 1279.375 1305.750 1315.156 1575.218 1890.562 1973.281 2366.718 
221.531 222.968 386.031 527.093 970.906 1168.437 1182.656 1284.281 1319.000 1589.656 1590.187 2056.281 2084.500 2192.156 2291.500 
96.468 387.062 528.000 674.875 861.375 913.656 979.937 990.687 996.625 1113.343 1174.968 1257.531 1266.062 1284.031 1319.000 1416.500 1501.093 1546.406 1568.406 1679.375 1828.562 1891.562 1973.531 2056.375 2173.468 
102.250 221.593 527.250 545.218 560.781 666.531 1219.218 1302.937 1317.656 1405.125 1445.687 1485.281 1538.843 1561.187 1574.062 1595.156 1990.000 2056.437 2081.656 2123.968 2146.312 2189.437 2268.437 2291.687 2321.843 2329.593 2351.187 2362.250 
97.093 107.875 237.468 543.781 565.781 649.187 668.281 922.812 1005.031 1006.687 1192.437 1228.687 1448.531 1578.343 1794.906 2056.343 2147.562 2190.812 2258.531 2337.875 2345.437 2352.781 
115.156 229.843 249.375 386.000 389.000 527.468 640.375 727.218 732.718 733.281 995.875 1030.500 1181.843 1188.468 1203.343 1334.875 1510.500 1526.375 1543.062 1582.437 1793.937 1864.843 1874.718 1889.250 1901.218 1955.718 2291.437 2328.187 2357.125 
