355.750 470.500 892.687 1001.562 1448.812 
135.625 196.687 1004.187 1326.625 1388.750 1809.375 2100.250 2130.906 2143.375 2233.031 2261.875 
39.125 55.531 125.062 134.656 307.656 343.906 356.281 562.281 668.468 892.187 967.906 987.812 1020.781 1119.343 1414.562 1449.593 1471.093 1600.843 1604.531 1795.343 1803.656 2093.812 2143.312 2255.312 2262.718 
32.312 45.468 308.687 334.406 362.093 560.562 766.125 1015.000 1084.531 1422.062 2088.937 2151.750 2224.875 2246.218 
33.687 52.312 355.406 569.437 754.781 970.406 994.375 1032.937 1127.875 1357.687 1368.750 1389.375 1708.906 1933.875 2030.062 2100.468 2116.781 2224.781 
33.968 142.000 293.468 320.718 344.625 356.156 384.406 667.968 1258.562 1564.812 1609.781 2132.031 2260.531 2261.781 
46.750 124.468 352.812 478.875 851.312 885.406 980.562 1422.625 2030.312 2108.062 2119.468 2224.718 2272.875 
123.468 434.343 560.718 848.343 1009.906 1084.562 1117.500 1326.812 1482.812 1565.531 1987.531 2119.000 2331.812 
33.281 125.125 344.937 428.656 669.406 847.875 970.250 1117.687 1326.968 1483.125 1598.656 1997.656 2047.812 2224.750 2242.312 
224.937 354.656 870.812 978.656 984.937 996.406 1010.093 1248.562 1328.656 1481.562 1605.687 1613.062 1986.593 1997.937 2142.000 2262.718 
