751.062 1546.468 1849.375 
70.687 197.906 750.562 
229.500 402.281 750.125 797.375 808.531 847.093 882.156 905.968 1498.156 1538.468 1753.281 1776.968 1809.750 1819.062 
21.718 70.000 198.343 421.312 544.812 707.156 728.937 767.281 866.062 1158.468 1616.500 1643.625 1746.937 1753.281 1848.531 
564.437 673.843 715.343 751.187 764.781 772.500 785.531 802.343 865.781 891.437 1354.156 1488.718 1513.906 1530.218 1536.781 1542.562 1617.937 1641.000 1724.250 1739.031 1790.593 1810.343 
533.312 558.062 742.468 752.562 798.156 897.375 1362.000 1694.031 1811.250 1836.250 
402.937 712.343 785.437 797.468 877.906 1195.218 1340.593 1547.218 1738.593 
86.687 229.062 385.187 579.781 710.875 739.531 791.750 1520.562 1551.343 1618.593 1645.250 1761.625 1853.187 
77.218 78.531 331.250 403.125 475.656 543.031 564.843 785.718 791.750 866.468 1163.656 1177.593 1510.312 1629.875 1665.031 1769.750 1814.906 1841.656 
70.718 718.031 743.125 756.031 784.468 799.281 1245.156 1522.062 1522.343 1531.562 1536.906 1709.281 1721.250 1749.125 1844.906 
