15.812 537.625 920.000 936.781 1171.343 1218.343 1595.906 1628.843 
843.656 916.906 1217.843 1262.375 1546.625 1555.687 
94.031 103.906 456.218 516.218 808.906 904.125 918.062 1171.406 1348.781 1629.312 
65.812 93.937 636.687 815.093 920.156 1217.593 1221.468 1335.625 1428.500 1532.437 1646.718 
502.031 537.468 538.375 743.750 857.812 901.750 927.031 1430.656 1532.031 1550.218 1641.500 
82.875 456.718 499.062 554.156 696.250 939.875 940.875 1556.593 1580.687 
322.406 455.718 837.500 894.500 1077.093 1169.625 1489.875 1545.156 1587.187 1644.468 
455.656 715.000 921.812 1254.250 1532.062 1639.781 
16.156 88.718 94.406 538.562 539.343 545.312 816.531 832.406 878.875 1218.031 1231.281 1253.656 1532.031 
77.343 501.656 548.281 597.062 730.156 1183.312 1217.843 1250.250 1474.906 1520.625 
