48.906 942.125 1089.218 1572.125 
179.593 271.093 281.406 400.625 1153.531 1413.656 1515.781 1571.750 1581.531 1607.781 1756.187 1787.500 
32.000 45.781 982.593 1215.031 
22.000 214.093 298.250 400.031 707.750 883.750 926.656 994.093 1088.187 1194.187 1236.562 1391.250 1667.312 1697.843 1798.562 1827.500 1867.312 
59.968 179.562 214.093 400.406 411.468 866.562 1062.906 1094.406 1223.750 1693.218 1703.593 1716.937 1818.062 1818.437 1819.125 1874.781 
21.906 282.562 293.343 564.125 695.031 766.312 983.906 1012.125 1228.375 1252.531 1596.718 1787.343 1793.625 
31.906 36.968 179.312 249.843 281.906 297.000 405.687 426.281 983.093 1078.218 1097.062 1143.437 1198.593 1423.187 1571.593 1692.281 
45.218 249.906 282.562 391.156 983.000 984.625 1108.656 1110.906 1119.125 1273.000 1423.656 1432.625 1496.750 1685.531 1695.656 1743.812 1797.781 1817.937 1832.968 
34.750 43.343 50.468 213.906 270.625 291.718 411.531 642.562 679.531 681.250 850.875 930.656 1085.468 1216.656 1262.656 1521.250 1573.375 1692.593 1797.906 1812.468 1867.437 2524.281 
902.312 930.062 1243.156 1433.750 1516.343 1654.125 
