154.093 291.437 473.781 497.187 638.750 753.656 783.406 1517.875 
85.312 355.468 478.843 714.406 806.781 1184.625 
33.031 48.875 267.187 497.281 717.156 
33.656 43.281 50.781 55.843 145.750 374.343 396.625 476.031 499.375 637.937 765.968 778.250 1309.125 1729.906 1743.906 1777.156 1787.406 1787.875 1817.718 
35.031 35.562 56.312 60.593 510.562 1334.625 1402.468 1414.281 1776.250 
53.500 353.906 381.562 547.593 574.281 721.781 722.531 740.562 756.125 801.937 806.312 1130.562 1140.718 1280.281 1300.593 1737.187 1790.312 
33.375 47.562 268.000 324.156 338.343 655.875 677.500 759.062 762.250 769.281 777.312 798.687 1306.062 1309.812 1378.656 1408.500 1431.093 1593.968 1602.812 1698.031 1820.437 1844.437 
49.281 256.968 376.875 575.375 694.187 712.875 723.625 766.906 799.937 1413.875 1536.906 1546.843 1805.718 1853.968 
33.218 46.750 72.687 263.281 376.375 474.562 485.375 651.625 743.468 1182.375 1394.750 1536.718 1557.312 1601.000 1706.531 1771.906 1783.437 1794.937 1840.343 
31.812 33.375 34.906 50.812 52.312 66.062 123.156 140.593 497.718 500.750 761.437 1140.875 1302.656 1302.937 1315.593 1334.093 1388.375 1401.531 1751.187 1777.781 
