45.968 101.812 206.125 1105.593 
51.687 312.406 312.656 448.250 1110.468 
312.093 331.437 435.531 548.562 575.437 694.062 794.843 1095.906 1732.437 1761.250 1815.937 1892.625 
58.000 77.593 86.875 274.281 559.656 566.437 697.656 773.718 791.031 913.625 915.281 1086.062 1573.343 1735.406 1789.406 1799.343 1956.656 1969.187 
46.000 57.375 78.281 333.093 425.625 434.687 566.468 735.781 750.562 782.343 912.781 976.750 1064.093 1125.156 1136.812 1151.531 1508.437 1710.250 1733.031 1799.218 1926.625 1970.000 
35.687 46.968 446.781 762.656 773.000 936.531 1048.562 1143.218 1372.906 1626.750 1761.500 1920.718 1949.812 1959.375 
55.750 70.406 78.750 203.187 277.625 324.250 425.093 548.843 692.625 792.937 877.937 974.281 1138.968 1373.218 1509.031 1517.687 1737.781 1751.656 1949.218 2041.468 
70.937 188.437 196.843 197.656 283.781 331.468 462.125 1062.656 1388.093 1397.343 
87.062 189.625 197.156 280.812 290.000 304.875 311.781 438.218 548.593 798.312 1403.531 1447.875 1799.187 1973.875 
78.593 324.218 713.625 805.937 916.812 983.593 1112.937 1385.250 1404.500 1516.968 1709.906 1760.125 1808.156 1923.843 1969.593 
