42.750 92.531 1237.437 1303.187 1378.031 1411.125 1611.625 
766.906 1488.031 1648.062 
42.406 1239.250 1313.812 
42.875 61.437 773.937 888.218 946.625 993.156 1135.906 1294.031 1372.687 1612.781 
42.625 56.468 167.812 177.500 954.875 1017.343 1067.250 1121.062 1375.093 1414.687 1496.250 1516.562 1594.031 1614.968 
42.156 49.281 57.093 68.937 166.906 336.531 356.500 765.750 767.156 878.343 950.281 1313.656 1374.031 1403.406 1606.531 
42.343 56.781 80.375 343.156 773.218 860.250 887.218 952.500 1135.968 1294.812 1634.000 
43.312 48.906 797.937 1122.187 1607.500 1634.281 
42.531 165.937 184.218 754.187 841.281 988.593 1136.718 1289.062 1295.156 1308.000 1373.312 1403.062 1472.843 1481.031 1593.437 1594.781 1614.656 1615.812 1633.593 
42.156 48.656 184.500 193.343 376.906 384.812 386.250 474.656 789.875 833.531 1302.625 1360.812 1387.593 1395.437 1480.500 1594.500 1624.468 
