564.281 700.187 1449.500 
13.781 862.781 1198.875 
551.937 659.468 659.875 667.281 677.281 677.968 796.187 877.750 
49.250 301.500 416.906 431.343 509.406 700.406 855.000 1202.218 1423.406 
37.718 61.531 67.156 77.343 685.437 855.156 980.812 1058.937 1114.156 1132.562 1174.031 1209.593 1252.500 1296.062 1421.656 1438.375 1450.000 
212.843 329.531 529.875 561.156 756.250 773.125 855.062 890.843 1198.437 1315.250 1427.187 
82.062 431.750 1131.843 1132.093 1247.156 1259.031 1304.281 1427.125 1435.562 
38.375 60.250 544.531 765.687 854.812 855.250 1047.250 1113.375 1179.187 1248.062 1316.937 
204.656 572.968 627.031 686.343 700.156 755.750 768.000 1065.812 1211.218 1423.281 1451.531 
26.406 223.437 315.218 431.468 541.343 593.875 685.812 699.968 764.250 1175.406 1278.531 
