44.312 45.531 74.468 84.562 488.031 537.375 544.593 681.156 795.406 921.468 1113.843 1121.062 1217.656 1315.906 1414.562 1470.656 1550.781 
73.031 197.281 227.187 1173.093 1339.218 1414.281 1460.187 1492.093 1538.375 1570.812 
572.500 626.812 744.562 794.187 1122.343 1339.281 1361.312 1445.093 1483.781 
44.375 209.781 360.593 537.968 574.031 603.093 606.625 616.312 616.937 787.156 823.500 914.625 1089.093 1170.187 1216.562 1340.843 1348.843 1397.718 1417.031 1436.343 1465.062 1471.875 1482.062 1495.875 1538.062 1545.125 1570.343 
45.312 225.406 370.718 474.250 544.281 545.187 575.250 591.218 600.500 618.812 724.437 762.343 787.593 797.406 842.062 860.875 862.343 964.156 1212.000 1325.406 1361.625 1414.687 1426.000 1543.125 1585.531 
85.718 209.125 223.718 329.281 343.781 350.125 373.343 584.812 596.906 617.687 626.656 776.937 786.968 827.125 849.218 1089.062 1106.312 1143.312 1203.156 1212.468 1251.312 1268.312 1342.531 1357.968 1501.312 1537.562 1592.968 
39.843 44.906 59.125 209.656 377.656 472.656 542.843 589.375 607.093 617.093 721.000 789.625 794.562 1089.218 1142.812 1160.875 1179.062 1256.062 1266.750 1417.875 1424.406 1470.718 1538.000 1560.281 1572.812 1584.468 
44.781 58.500 343.375 476.343 578.062 588.125 609.843 695.500 709.781 716.843 727.375 823.843 900.093 921.437 937.000 1089.218 1137.812 1252.562 1263.812 1360.625 1432.718 1499.000 1550.187 1557.625 1570.125 1604.468 
110.968 231.875 549.000 755.468 938.375 947.250 1090.031 1175.500 1203.562 1227.593 1260.625 1341.593 1382.250 
227.250 240.875 324.406 343.375 377.500 385.531 452.375 524.718 574.968 791.968 796.531 840.812 1211.750 1267.843 1362.312 1372.750 1417.281 1440.968 1482.562 1537.281 1550.218 1555.843 
