326.937 570.125 902.000 990.718 1039.718 
74.968 390.750 466.281 589.812 739.281 788.968 1035.593 1064.906 1103.218 
43.406 158.781 237.250 281.281 296.125 481.406 540.218 621.593 788.781 799.093 1006.375 1102.562 
15.218 27.437 42.250 43.343 81.093 127.156 157.656 370.250 400.750 502.500 504.531 614.437 751.312 817.437 915.718 975.531 1013.437 1053.500 
49.531 58.906 127.437 228.500 238.843 416.281 502.281 523.812 602.406 621.375 749.812 839.593 941.843 992.687 1032.406 1064.031 1069.156 1135.250 
42.937 48.406 72.812 220.656 466.781 481.531 582.406 603.312 748.218 839.687 975.562 1007.062 1032.093 1093.187 
69.031 75.531 127.375 147.406 309.281 537.468 629.875 749.750 751.343 756.781 805.437 825.562 1004.906 1140.000 
15.312 34.812 76.218 126.906 407.312 604.593 633.093 975.843 1067.468 
166.312 248.406 325.031 382.687 465.593 616.656 632.562 902.031 917.343 973.875 1137.687 
36.562 81.343 157.062 475.500 500.843 504.593 515.750 603.125 806.187 832.656 925.062 1005.343 1049.343 
