-846.657 -325.157 -194.000 28.562 178.406 241.281 437.968 484.781 517.781 860.625 920.125 1149.312 1159.156 1282.812 1911.875 1916.562 
-1384.688 36.718 237.375 346.843 491.687 1018.718 1191.406 1460.312 1713.468 1807.093 3090.187 3539.250 3566.062 
-1055.157 -539.719 -242.407 25.437 52.625 123.781 337.000 749.937 794.187 1067.968 1714.781 1983.437 2079.750 2838.625 3008.937 
-1979.250 -848.750 -750.750 -338.532 36.125 466.718 899.187 1030.781 1193.000 1459.250 1604.500 1834.750 2025.750 2051.687 
-940.313 -633.594 -481.813 -273.719 120.375 361.031 530.281 726.187 996.250 1088.281 1165.875 1176.000 1400.843 1454.375 1855.500 1962.750 
-1765.407 -1756.875 -1452.532 -792.782 51.593 315.656 529.093 676.812 1121.375 1247.000 1721.406 2019.250 2641.906 2853.062 3881.625 
-1558.188 -1153.782 -195.563 36.218 183.343 614.781 814.781 1186.718 1454.562 1958.156 2002.687 2012.437 3491.906 3814.812 
-1174.844 -352.907 622.437 783.687 1035.968 1450.625 1593.437 1921.562 2321.125 
-853.094 43.593 123.437 252.593 1005.718 1082.687 1446.250 1455.343 1842.281 2001.437 2014.500 2296.125 3176.593 
-983.438 -939.032 -914.907 35.218 257.781 802.562 1381.750 1461.406 1620.375 1976.906 
