-1382.907 43.000 166.781 235.312 385.812 882.281 958.718 1152.000 2624.406 2654.687 3273.125 
-1472.500 -1273.250 -1193.063 21.593 44.250 73.312 105.156 242.125 447.156 777.781 881.343 905.750 1171.781 1582.750 1733.031 1829.125 2015.750 2245.218 2331.906 
-1193.407 -558.563 -235.500 32.781 119.531 204.500 351.500 465.218 503.625 762.718 916.781 1023.781 1325.562 1460.062 1545.031 1574.312 1676.968 1844.625 1949.187 2985.281 2999.593 3992.875 
-306.000 32.875 102.937 211.875 256.000 854.062 952.875 981.906 1107.406 1386.093 1497.125 1554.750 1623.687 1640.500 1661.343 1736.625 1837.468 1860.625 1978.968 2477.937 2632.031 2973.031 
-903.625 -634.000 -486.938 36.125 111.437 255.531 404.968 444.531 583.218 775.093 862.187 953.968 1120.000 1339.937 1472.312 1588.843 1684.406 1709.875 1789.562 1837.812 1952.281 
134.281 157.250 347.781 478.468 820.812 867.218 929.281 951.718 995.000 1100.937 1209.875 1326.531 1388.406 1429.031 1477.343 1537.437 1616.343 1677.187 1721.625 1776.000 1842.812 2486.843 2749.218 3643.281 
-432.188 26.937 385.562 644.062 814.750 1028.750 1211.218 1235.125 1247.968 1389.312 1514.781 1618.281 1687.812 1726.906 1747.906 2389.187 3074.531 3176.062 3500.218 
32.000 202.937 603.625 736.500 1129.843 1186.000 1397.781 1565.750 1615.718 1715.218 1755.937 1843.375 2118.531 2861.343 
-1316.782 17.500 27.343 202.468 242.656 859.500 905.375 1063.437 1140.500 1522.062 1555.906 1601.718 1719.437 1827.718 1938.500 2354.312 3708.812 
-1686.844 26.968 119.968 197.281 640.875 777.906 897.218 945.218 1033.531 1123.406 1477.062 1513.718 1625.156 1680.218 1738.906 1845.500 1970.562 2272.031 
