-1625.032 -524.688 29.625 51.593 53.218 260.531 362.375 518.250 624.968 1193.125 1370.625 1485.093 1644.593 1815.906 1826.812 
-1503.032 -456.844 -453.188 23.406 73.375 158.437 176.312 559.906 757.031 854.281 1132.031 1171.687 1233.750 1342.750 1530.125 1589.281 1624.562 1682.187 1878.093 1972.593 3255.343 3815.437 
-1818.282 -971.469 22.562 62.625 275.593 413.750 531.000 571.656 885.343 1124.375 1217.750 1364.343 1375.000 1412.906 1498.906 1579.218 1630.562 1805.375 1955.343 2226.531 
-1894.188 -1221.344 -912.125 -600.313 26.125 33.531 250.156 369.437 390.562 562.812 819.562 1040.125 1073.000 1139.750 1287.593 1323.312 1376.843 1441.156 1480.031 1583.875 1624.093 1748.875 1769.781 1855.406 1877.437 3233.562 3427.875 
-1870.532 -1310.907 -478.063 -141.563 -33.938 27.062 208.062 238.812 282.406 609.437 714.843 789.343 790.218 870.593 1040.375 1097.093 1133.468 1158.687 1416.375 1474.781 1536.812 1631.031 1637.562 1708.937 1778.406 1876.312 1959.343 2121.937 2748.812 2785.375 
-1637.907 -424.469 -28.219 -22.875 168.312 250.968 358.718 498.968 626.281 730.812 817.125 1149.000 1258.343 1364.500 1427.562 1462.281 1610.687 1641.781 1773.781 1861.562 1862.125 2002.625 3689.625 
-1243.594 -517.032 18.500 275.531 334.000 413.312 561.656 712.625 813.687 1001.968 1118.375 1187.437 1188.343 1234.375 1260.718 1338.250 1508.093 1593.250 1630.531 1634.687 1800.531 1871.937 1886.093 1959.250 2686.218 
-1538.938 -1382.532 -828.313 22.375 73.875 417.218 626.593 708.062 824.781 921.687 998.093 1082.750 1272.906 1321.281 1372.531 1420.562 1447.500 1538.875 1748.562 1791.468 1851.343 1879.937 2169.437 2507.281 2531.687 3019.718 3694.437 3801.125 
-911.438 20.437 80.500 216.375 532.343 543.343 711.875 1011.656 1248.500 1289.937 1419.031 1532.562 1635.718 1739.375 1883.000 1917.875 1966.375 2069.781 3058.000 3112.375 3717.218 
-1855.407 -656.875 -553.282 33.156 87.437 329.031 569.500 680.593 708.687 730.375 949.281 1149.843 1165.187 1364.000 1377.187 1547.468 1624.281 1636.281 1796.093 1876.281 2688.093 2742.531 
