-912.063 32.031 44.656 110.062 140.812 1179.218 1338.187 1365.125 1401.187 1601.718 1713.437 1780.562 2594.718 3415.000 3798.031 
-1416.157 -457.782 -294.344 39.312 192.312 228.718 450.562 680.812 776.500 899.750 973.750 1188.937 1219.218 1341.062 1597.250 1611.562 1614.437 1685.375 1871.718 1874.281 1967.281 1995.187 2161.093 2251.906 2461.468 2469.343 3660.750 
-393.563 41.812 138.812 244.093 368.468 528.781 623.375 840.375 866.000 950.031 1121.500 1375.375 1436.406 1491.812 1661.625 1797.000 1824.812 1880.750 1950.531 2311.906 3207.750 
-1747.500 -1616.657 -486.032 -312.563 42.156 81.812 193.281 262.000 393.562 595.500 781.375 879.031 970.812 1086.062 1196.125 1228.125 1260.031 1434.125 1469.687 1654.656 1731.562 1860.156 1902.281 1938.062 2707.937 2854.843 3573.125 3583.000 3663.437 
32.812 143.531 323.500 352.687 454.656 532.781 623.718 680.625 848.906 951.781 1116.312 1228.843 1431.625 1491.250 1568.562 1598.812 1647.375 1726.312 1868.125 1895.718 1943.906 
-1798.657 -1030.750 -633.407 -510.875 38.062 143.093 239.593 339.093 597.875 630.093 802.250 829.531 1051.187 1091.718 1114.000 1193.250 1352.656 1460.968 1475.937 1621.968 1646.343 1712.875 1739.437 1887.062 1976.750 
-1589.375 -1308.094 -1276.844 -624.969 35.468 139.437 185.562 347.187 629.750 658.125 782.625 801.718 995.468 1113.562 1176.687 1202.906 1225.437 1359.781 1428.562 1454.250 1503.375 1605.781 1753.343 1797.437 1904.906 1945.312 1971.718 2063.093 3918.000 
-1017.625 -277.188 -264.000 -77.375 135.906 255.593 476.000 536.312 884.781 930.656 1014.687 1081.062 1214.437 1327.125 1483.593 1536.750 1604.750 1709.687 1810.562 1898.562 1904.250 1959.562 2340.187 
-745.938 138.687 450.656 474.656 526.812 699.875 977.250 1028.437 1114.625 1186.718 1377.406 1456.531 1486.781 1577.343 1646.375 1663.625 1804.062 1878.500 1941.718 1954.718 
-467.188 73.906 197.031 268.687 526.562 630.593 782.000 812.062 1109.750 1192.093 1284.062 1407.500 1513.156 1514.937 1568.625 1669.312 1734.687 1858.218 1888.625 1932.343 1958.093 
