-1870.594 -450.625 -407.563 -178.750 -3.782 368.906 655.187 954.562 1177.593 1299.750 1420.500 1673.750 3358.375 
-1804.625 -508.250 27.343 199.906 339.656 633.250 649.031 830.437 1020.562 1186.031 1419.093 1511.343 1673.281 1816.718 1953.906 2243.375 2809.906 3375.093 
-1483.844 -382.782 -320.782 -288.407 60.843 573.468 715.125 976.343 1116.531 1182.125 1476.250 1572.218 1619.656 1672.656 1736.062 1865.562 1938.156 1954.250 1969.781 3367.468 
-1855.500 -1844.844 -1698.344 -1193.313 -810.813 -450.500 -392.407 -44.344 74.218 129.343 364.437 494.406 502.000 531.718 615.093 739.625 955.500 1039.437 1178.875 1252.500 1443.718 1546.656 1612.531 1656.531 1728.500 1768.437 1793.750 1817.218 1932.562 1950.843 1971.937 3516.218 
-1021.063 -1012.000 26.625 53.125 574.812 633.187 809.187 1097.937 1196.468 1385.093 1540.093 1608.500 1726.656 1804.718 1892.968 1956.156 1999.218 
25.875 83.875 430.468 875.562 1257.593 1388.593 1596.718 1679.500 1683.375 1816.968 1898.718 1952.468 3638.062 
-1166.657 -586.875 30.718 374.937 667.593 726.781 1013.343 1122.812 1250.687 1304.625 1416.343 1512.218 1723.468 1750.281 1777.187 1835.531 2306.343 3907.500 
-1829.532 17.406 22.687 651.187 724.468 834.500 947.218 1038.937 1243.281 1442.250 1613.250 1639.812 1757.500 1816.343 1940.593 2002.875 3120.218 
-1639.719 -729.032 -583.750 -364.407 38.531 63.968 148.031 485.656 571.906 659.250 840.656 953.656 989.843 1108.218 1432.625 1467.906 1620.875 1679.437 1709.343 1759.218 1814.437 1928.000 1950.625 2367.250 
-1280.688 -23.219 26.375 438.375 645.250 755.656 1038.656 1181.968 1379.968 1441.968 1600.250 1683.843 1743.500 1799.625 1845.937 1947.656 1948.718 
