-1936.625 -1931.907 -205.750 47.312 181.687 201.000 742.625 1001.000 1060.125 1714.125 1893.562 1938.906 3093.312 3149.750 3160.843 3186.000 
-1531.188 -36.532 42.031 236.531 564.343 1149.343 1210.000 1451.343 1555.437 1751.687 1895.500 1981.875 2216.750 2706.656 2756.406 3461.812 3907.250 
-1518.250 -1210.719 30.031 220.468 419.812 666.093 875.187 991.781 1036.250 1158.968 1230.781 1531.875 1617.625 1761.250 
-1033.782 30.843 228.156 514.718 541.406 666.812 869.312 1189.656 1395.812 1529.656 1605.406 1930.062 1964.093 3050.406 
-843.813 37.968 219.937 266.093 497.687 692.031 906.468 1010.000 1062.906 1209.812 1296.656 1340.312 1359.375 1602.437 1859.000 1952.687 2965.812 2981.250 3948.156 
-1455.344 -1438.313 -573.625 41.718 229.562 252.187 274.687 437.750 454.718 677.000 768.781 820.718 841.781 893.750 1001.656 1016.250 1161.187 1279.718 1365.281 1425.875 1553.875 1769.656 1867.187 2007.500 2202.812 2973.406 
-1345.907 -722.094 -403.625 37.000 59.593 103.781 234.093 619.750 726.406 738.062 896.687 1008.218 1148.218 1241.843 1314.500 1460.843 1674.750 1882.000 1963.281 
-1693.469 -1161.438 -853.688 29.343 236.093 413.218 508.125 536.343 664.343 667.843 748.718 871.562 1026.875 1295.968 1490.593 1622.312 1766.687 1981.937 
-1584.094 -503.094 35.250 225.281 468.437 574.437 619.062 679.031 706.937 875.468 1004.062 1199.968 1281.375 1346.625 1473.218 1504.937 1730.593 1839.000 1893.906 2406.625 
37.218 115.562 237.437 460.843 885.812 986.062 1284.062 1323.000 1523.531 1719.531 1844.781 1868.000 2009.250 2546.375 3500.875 3947.750 
