-1677.594 -1422.813 -1301.719 -676.313 -556.938 579.156 972.875 1157.000 1464.500 1642.187 1670.062 1752.906 1831.156 1873.656 2294.531 3041.031 
27.406 209.500 658.187 709.531 807.781 1436.031 1444.562 1607.593 1696.812 1828.187 1891.437 2800.406 
-1363.688 -973.813 67.125 95.250 196.312 357.156 735.093 1068.125 1404.781 1530.625 1671.156 1835.687 1879.375 2946.875 3273.156 3276.468 
-1825.250 -638.094 27.968 134.062 185.500 421.250 482.250 529.937 599.000 1482.625 1844.062 1852.187 2022.968 
-1315.032 -132.157 37.437 526.375 672.218 674.656 733.437 1058.562 1439.656 1544.062 1610.031 1670.250 1708.593 1810.656 2892.468 3649.656 3973.937 
-962.344 29.125 75.906 660.437 713.875 1035.218 1230.156 1491.843 1592.312 1639.968 1749.937 2080.156 2085.406 
-1858.375 26.593 193.687 521.218 628.062 730.500 858.781 1057.250 1085.968 1105.687 1455.406 1745.000 1888.000 2841.531 
-986.032 68.968 205.281 426.500 519.875 668.156 818.218 1052.250 1462.312 1487.906 1633.718 1857.156 1947.093 2921.843 3343.968 3755.125 
-37.594 32.093 204.968 227.156 480.812 776.937 1526.687 1583.875 1772.875 1840.968 2842.531 3550.218 
-1194.407 -909.063 -602.282 -493.969 29.812 673.437 1347.750 1488.781 1576.656 1875.375 3233.593 
