217.218 256.718 273.343 1230.687 1505.812 1852.718 2119.531 3634.125 
-1665.657 -1390.438 -1127.469 -829.938 18.406 31.875 192.656 293.218 621.843 836.187 1120.750 1235.187 1338.843 1695.000 1877.625 
-1323.813 -800.000 28.750 42.031 288.031 366.031 622.125 771.187 1234.500 1821.250 1838.281 2011.687 2440.968 3951.187 
-71.532 29.437 209.656 281.750 621.187 837.625 1248.562 1265.343 1570.250 1644.625 1845.468 2605.093 2790.843 2897.187 
-1676.625 -552.500 -99.657 29.687 208.500 504.812 553.406 626.125 765.718 1014.000 1228.718 1650.375 1951.156 2949.531 
-835.000 -453.719 29.531 94.500 201.406 251.781 453.718 783.343 1007.750 1080.250 1346.968 2212.062 2350.250 3739.718 
-80.969 -71.125 64.156 293.250 517.593 621.343 1167.656 1759.906 1815.468 3831.656 
29.343 169.562 292.187 1759.562 1974.937 2277.750 3499.062 
-882.500 34.031 220.187 260.218 614.531 769.750 1130.531 1695.687 1731.625 1975.062 2408.531 3660.343 
-1641.438 -1637.688 -1332.000 31.343 236.031 505.125 619.062 1243.812 1428.656 1625.875 1713.937 1884.812 
