-1832.313 -1742.844 -531.657 -275.282 37.468 44.031 649.062 696.437 1381.468 1408.187 1448.250 1633.312 1762.156 2197.468 3024.187 3574.843 
-1646.125 -1064.313 32.875 641.687 726.375 889.437 1028.000 1276.468 1402.000 1639.968 1678.687 1806.437 1894.968 1950.250 2041.218 3007.156 3082.656 3479.312 3604.750 3646.968 3708.750 
-1728.844 -1720.594 -1270.969 -1069.469 41.687 523.343 539.625 665.031 751.000 889.625 1015.468 1387.812 1421.375 1436.531 1600.625 1763.187 1816.062 1957.000 
-806.844 -339.063 38.218 337.031 590.437 685.156 737.375 822.843 881.875 1016.625 1085.812 1573.218 1581.281 1606.937 1672.468 1797.312 1814.000 1876.406 1950.781 
41.218 559.312 648.906 728.156 819.781 841.718 864.218 1034.156 1111.406 1173.562 1391.125 1417.656 1769.343 1799.156 1898.718 1918.500 2033.468 2249.187 2327.500 
-274.157 33.500 120.906 584.187 735.718 819.593 846.843 1021.718 1145.406 1264.500 1304.406 1415.750 1453.531 1595.312 1798.718 1861.468 1948.687 2212.593 3632.625 
-800.813 -743.032 43.437 123.343 332.937 561.656 875.281 1022.000 1187.156 1207.218 1422.156 1458.343 1530.656 1613.750 1638.375 1762.406 1803.125 1833.468 1911.062 2315.250 3048.750 3877.031 
42.968 509.625 599.625 680.531 818.968 1105.437 1451.062 1508.687 1700.375 1796.343 1838.250 1850.843 1864.812 1978.937 2342.562 
41.968 297.093 569.156 646.156 690.687 927.500 1029.625 1111.343 1113.937 1177.218 1284.562 1407.906 1706.218 1798.812 1936.593 1973.218 
-1387.782 39.656 173.562 190.312 434.781 513.750 654.000 822.843 865.500 1084.875 1205.000 1718.968 1748.156 1773.468 1802.250 1862.312 1956.875 2288.781 3705.343 3988.250 
