30.250 160.718 245.031 334.375 625.843 701.906 1133.187 1211.531 1339.468 1434.343 1511.312 1661.250 1695.625 1814.312 1816.468 1950.187 2276.718 
-1733.844 -565.094 156.656 287.750 631.562 857.406 883.062 1228.375 1307.343 1510.906 1525.968 1610.093 1682.500 1706.375 1955.406 3951.312 3958.718 3969.187 
-1584.719 -1404.969 -1367.313 -1073.719 -302.157 26.687 294.562 341.000 673.156 696.156 876.156 1128.437 1251.343 1495.468 1560.062 1673.562 1784.062 1808.437 1843.468 1879.875 1946.156 2378.062 3444.468 3628.500 
32.531 53.687 66.625 358.125 383.343 467.781 522.156 572.687 688.375 889.687 980.781 1232.125 1429.406 1522.843 1566.437 1664.218 1718.593 1936.281 1960.250 2380.750 3597.718 
-562.032 -554.032 28.000 68.156 176.937 436.500 687.250 801.875 896.687 1140.156 1340.468 1529.812 1615.000 1697.906 1801.406 1906.718 3030.843 
32.468 464.875 570.718 693.343 802.875 882.718 981.437 1070.343 1233.281 1438.375 1701.281 1896.718 1934.218 1951.312 3336.875 
-1718.563 -1500.938 -1494.688 -801.938 -283.782 25.375 102.531 355.437 773.781 799.437 896.093 985.000 1155.250 1207.250 1523.187 1556.343 1641.062 1671.875 1870.968 1950.562 1965.687 1990.375 
-1960.313 -1935.219 -990.500 -589.657 23.000 58.812 332.750 384.093 576.593 597.406 612.687 853.843 1062.437 1138.687 1228.312 1433.093 1654.250 1657.937 1675.218 1750.406 1759.218 1792.781 1870.687 1915.781 1958.781 2051.000 2762.906 
-1470.438 31.156 263.156 343.375 445.656 560.750 599.531 798.750 881.531 1270.718 1566.093 1661.875 1803.156 1904.093 1951.812 1980.625 2050.218 2541.781 3053.937 
-1772.719 -1506.782 -194.000 -186.438 -31.782 61.062 353.093 567.656 663.062 748.875 872.437 944.156 1059.437 1157.218 1297.312 1339.093 1341.500 1619.843 1697.343 1881.312 2015.375 2525.531 2749.625 3299.000 
