-1810.907 -1781.719 -1614.625 -1392.657 -1310.313 -1293.438 -1044.219 -574.125 -494.375 -112.844 -33.438 14.437 27.906 90.281 131.968 148.718 188.843 265.312 293.687 366.906 385.718 456.218 525.250 631.250 997.562 1080.531 1101.000 1263.812 1332.500 1335.937 1357.531 1701.156 1918.562 2025.781 2387.968 2492.000 2684.812 2757.281 2818.312 2848.375 3180.531 3214.406 3436.750 3466.312 3496.906 3970.937 
-1903.719 -1432.750 -1409.625 -1001.532 -782.844 -782.282 -515.407 -428.313 -266.219 -230.344 -155.375 -149.000 -110.625 54.718 134.687 167.625 250.031 252.687 267.031 274.218 278.437 347.968 517.281 541.843 567.125 639.843 647.093 861.593 990.750 998.125 1007.437 1028.031 1101.562 1175.781 1212.625 1224.500 1227.343 1261.968 1312.625 1324.406 1385.812 1387.937 1396.562 1766.343 1894.968 1975.125 2073.562 2257.187 2440.468 2734.000 3040.187 3124.125 3150.687 3355.687 3416.437 3549.812 
-1997.907 -1597.438 -1260.969 -1204.844 -981.125 -921.219 -629.313 -574.250 -547.563 -375.938 61.687 78.312 126.312 214.187 253.718 278.656 283.343 296.218 377.093 387.343 395.093 434.750 452.312 491.343 502.156 534.031 590.218 644.937 803.343 847.625 862.125 969.843 985.250 995.593 1000.062 1006.656 1069.687 1074.281 1090.531 1095.062 1187.500 1209.062 1223.218 1283.281 1294.781 1320.437 1345.250 1366.437 1685.750 1701.968 1876.687 1931.343 1994.656 2053.250 2136.000 2557.093 2836.218 3198.687 3228.687 3419.312 3427.937 3461.312 3547.343 3766.750 3816.937 3991.781 
-1950.344 -1896.563 -1854.750 -1823.875 -1761.094 -1562.500 -1428.313 -1372.313 -1276.625 -1253.500 -1176.844 -922.750 -538.438 -37.188 35.218 118.281 132.281 145.593 240.093 242.593 260.218 368.968 382.187 445.968 459.281 503.593 513.250 556.156 595.343 628.250 641.437 662.906 786.125 842.468 982.843 986.093 1089.125 1099.375 1107.593 1115.750 1168.250 1178.906 1199.250 1211.718 1261.062 1307.656 1312.062 1369.500 1389.750 1597.593 1634.843 1687.625 1796.031 1985.093 2221.031 2270.125 2360.718 2458.750 2665.593 2834.625 2849.750 3144.406 3356.750 3447.750 3492.312 3711.937 
-1965.407 -1961.500 -1700.782 -1633.438 -1398.782 -1383.063 -1323.625 -956.469 -946.688 -840.563 -520.438 -452.375 -371.313 -114.594 25.843 33.937 84.687 96.531 221.687 267.093 276.500 295.500 353.281 381.375 431.062 438.062 460.343 471.000 501.781 541.281 566.031 591.625 616.312 619.000 642.375 647.062 666.500 847.375 860.937 906.375 990.375 1012.812 1027.812 1033.750 1105.718 1183.437 1193.000 1209.031 1334.343 1349.468 1464.093 1489.656 1671.656 1800.687 1836.906 1944.906 2292.281 2326.531 2429.406 2642.343 2650.031 2676.687 2756.281 2792.656 2868.156 2888.062 2977.125 3009.218 3071.000 3259.312 3283.812 3443.750 3500.156 3566.562 3609.437 3665.968 3767.437 3815.500 3839.781 3893.125 
-1939.907 -1839.250 -1809.188 -1571.594 -1533.907 -1518.407 -1343.125 -1331.938 -1071.875 -981.657 -831.063 -806.594 -673.375 -565.282 -343.969 -199.032 -151.657 -150.157 -126.469 -90.750 61.562 108.656 113.250 144.156 236.437 253.156 286.156 303.343 434.000 478.031 503.593 517.781 523.250 528.500 537.375 611.250 617.812 633.218 642.937 659.656 767.781 839.218 847.125 856.343 984.250 993.625 1015.125 1088.625 1195.250 1200.218 1302.218 1359.718 1364.812 1368.500 1513.750 1850.968 1991.406 2243.812 2424.656 2538.750 2600.562 2632.531 2741.000 2760.750 2838.406 2896.875 2912.468 3372.281 3450.437 3541.437 3886.312 
-1856.688 -1673.750 -1447.000 -1375.688 -1349.782 -966.719 -868.438 -761.594 -717.625 -656.688 -361.563 -276.969 -175.969 84.875 134.437 145.468 217.375 250.500 284.437 350.000 354.812 492.937 500.375 584.812 594.656 606.281 618.312 631.343 677.093 774.656 817.437 855.000 967.343 971.843 1009.812 1089.593 1206.218 1216.593 1227.343 1294.906 1312.531 1333.531 1347.562 1369.812 1373.750 1527.375 1572.406 1883.906 1952.218 2011.218 2064.062 2121.937 2207.406 2356.968 2436.593 2486.781 2694.187 2778.031 2800.906 2840.375 3367.156 3731.281 3866.375 3933.093 
-1945.094 -1719.313 -1654.750 -1537.532 -1483.750 -1342.782 -1135.719 -1049.563 -614.532 -279.719 -35.500 35.781 152.375 214.906 234.031 253.593 276.500 307.125 454.437 519.406 553.031 565.437 583.281 616.656 642.218 660.062 847.000 866.343 951.468 970.281 986.343 990.343 1009.562 1027.687 1080.375 1113.656 1168.750 1194.156 1202.593 1216.562 1219.875 1239.312 1273.468 1296.468 1326.875 1364.406 1369.687 1373.312 1386.312 1769.906 1839.750 2035.718 2609.343 2663.187 2743.187 2766.562 3013.218 3070.656 3131.218 3158.062 3226.718 3326.843 3351.968 3473.750 3545.781 3560.093 3619.125 3869.875 3940.125 3976.468 
-1966.094 -1936.813 -1547.938 -1532.438 -1468.125 -1395.907 -982.188 -819.282 -753.469 -622.907 -454.282 -373.969 -312.938 123.000 145.250 278.375 283.343 391.875 439.937 501.250 536.375 551.781 580.718 592.375 622.343 638.906 788.031 801.687 821.375 909.125 988.593 999.531 1088.156 1159.125 1161.062 1166.875 1197.843 1211.843 1216.406 1223.562 1237.781 1277.750 1288.187 1334.468 1359.968 1366.906 1575.156 2065.906 2475.750 2680.937 2699.187 2762.750 2768.250 2799.375 2909.031 2943.312 2999.781 3295.406 
-1982.938 -1971.063 -1945.813 -1873.532 -1834.188 -1798.563 -1493.875 -1428.719 -1380.000 -1277.750 -1161.563 -691.750 -610.563 -515.438 -461.313 -438.344 -355.782 -311.907 -176.219 -168.782 -144.657 26.531 238.968 369.218 407.343 448.593 454.843 509.187 541.281 544.500 555.125 597.687 617.250 627.875 642.531 804.781 819.062 840.968 970.437 997.406 1239.937 1247.125 1254.968 1271.437 1311.531 1358.187 1363.468 1368.875 1390.781 1399.531 1485.218 1510.937 1980.656 2087.937 2281.531 2359.718 2424.781 2496.875 2519.875 2618.312 2755.906 3143.562 3309.468 3523.343 3857.468 3994.031 
-1943.625 -1618.719 -1516.375 -1356.250 -1215.563 -1118.563 -860.563 -409.469 -265.657 -250.188 -225.907 -132.688 -106.063 126.250 283.156 383.687 477.156 511.437 516.687 569.156 578.281 615.937 783.468 826.250 975.531 982.906 1066.312 1126.843 1154.093 1185.968 1266.625 1278.906 1356.406 1439.406 1515.562 1741.375 1746.875 1809.375 1891.125 1905.468 2056.062 2379.562 2931.312 2992.750 3518.375 3652.875 3957.343 3964.031 
-1849.969 -1699.157 -1476.688 -1471.000 -666.750 -509.407 -464.407 -422.282 -403.063 -396.250 -366.750 -67.625 -5.969 12.312 92.375 273.125 306.250 346.906 367.843 417.812 553.156 572.718 576.937 583.843 606.687 632.468 639.656 796.156 836.812 856.843 987.156 994.062 999.187 1006.125 1073.843 1106.687 1193.687 1203.156 1232.437 1731.656 2184.843 2381.343 2411.562 2436.250 2518.875 2705.156 3094.156 3297.062 3369.281 3421.062 3506.125 3691.406 3741.406 3928.531 3943.843 
-1930.500 -1522.875 -1386.500 -1232.250 -928.625 -921.032 -881.219 248.437 306.843 309.218 353.281 365.906 455.437 473.187 502.406 541.000 566.531 568.250 613.875 640.875 660.437 824.843 925.500 990.312 1016.156 1080.968 1191.718 1263.843 1539.781 2397.468 2672.875 2730.187 2738.375 2740.625 3113.656 3380.062 3765.312 
-1750.813 -1417.407 -1143.063 -728.313 -466.719 -389.407 -9.500 232.218 255.687 318.906 469.500 494.343 503.031 615.656 815.125 976.718 998.062 1238.875 1248.781 1387.062 1422.593 1672.187 1864.750 2122.562 2271.656 2411.062 2467.125 2498.718 2564.937 2592.375 2925.218 2968.718 3028.593 3326.656 
