-1942.532 -1811.375 -1713.938 -1639.719 -1501.250 -1446.563 -1138.625 -786.938 -262.719 32.437 42.843 96.843 141.500 167.000 174.250 232.875 302.687 424.375 439.250 508.593 558.343 567.968 592.312 708.593 715.656 754.906 897.812 932.312 1193.468 1264.781 1411.875 1421.593 1449.500 1736.781 1784.500 1853.062 1907.718 1940.843 2125.625 2426.593 2813.281 2929.062 3017.156 3164.593 3228.875 3581.562 3635.062 
-1833.000 -1757.750 -1265.469 -1022.407 -155.407 -126.375 89.375 209.906 275.218 297.781 397.375 407.750 439.843 499.000 564.187 664.218 716.750 734.968 767.843 778.000 880.187 898.218 978.187 1039.875 1068.093 1136.375 1197.593 1353.625 1356.250 1384.781 1400.156 1407.375 1421.593 1430.250 1437.937 1463.562 1472.656 1539.343 1656.687 1889.593 2039.343 2102.312 2122.250 2268.406 2431.062 2906.156 3308.437 3361.500 3474.093 3592.500 
-1846.125 -1718.750 -1690.688 -1614.938 -1341.063 -1327.782 -1097.063 -1012.719 -891.157 -840.563 -798.344 -773.875 -567.250 -399.125 -329.813 -288.813 -248.407 8.125 12.531 51.625 101.375 105.375 141.000 169.968 198.093 231.218 385.687 393.687 438.406 484.406 508.000 654.812 678.906 684.187 686.656 718.031 728.000 741.531 779.687 791.156 917.000 974.687 1136.781 1195.031 1198.156 1267.156 1292.468 1391.656 1400.500 1412.562 1448.156 1470.156 2044.843 2073.968 2091.125 2368.187 2406.406 2600.625 2781.343 3078.125 3333.875 3517.500 
-1973.438 -1933.094 -1855.375 -1430.500 -1352.000 -1150.188 -1135.907 -1129.094 -1126.594 -991.282 -883.813 -841.063 -681.594 -662.438 -411.657 -227.094 -164.782 3.781 14.562 40.843 120.406 140.500 176.937 182.531 201.656 229.125 274.000 279.968 300.625 304.312 392.156 438.656 453.406 520.125 568.656 652.406 677.031 708.406 757.718 930.468 958.593 1121.281 1136.968 1158.031 1202.718 1207.718 1217.468 1270.156 1296.875 1309.187 1330.562 1356.468 1393.531 1424.531 1481.125 1837.000 1854.343 1988.281 2009.937 2286.187 2430.187 2601.750 2608.343 2756.937 3273.156 3539.125 3646.781 3685.968 3689.000 3740.406 
-1819.532 -1800.657 -1576.313 -1550.344 -1393.719 -1349.563 -1211.125 -1083.719 -716.719 -695.344 -505.625 -389.969 -343.313 -171.907 -0.750 32.281 101.625 161.843 165.500 173.968 182.093 196.187 203.531 227.093 354.281 369.531 393.218 402.687 466.781 476.687 494.312 546.875 618.906 675.343 706.375 765.218 769.343 906.906 1109.781 1215.843 1236.375 1291.593 1417.531 1449.812 1486.781 1643.343 1867.718 2029.437 2057.781 2115.718 2139.031 2165.875 2664.250 2809.375 2811.750 2852.156 3321.625 3395.312 3407.531 3464.781 3516.750 3700.656 3748.875 
-1876.157 -1320.063 -1287.688 -1211.313 -1203.219 -1187.219 -1170.875 -886.219 -657.750 -654.032 -400.500 -321.000 -215.907 -187.188 -95.032 42.687 161.500 164.218 190.187 211.093 251.531 262.312 301.937 309.500 324.187 345.375 412.062 451.562 547.156 623.500 713.906 717.312 820.750 861.062 907.906 962.937 974.125 989.968 1216.593 1358.468 1365.468 1411.406 1447.562 1548.718 2217.812 2305.625 2438.562 2753.781 2870.218 3186.500 3260.562 3393.437 3531.062 3832.437 3970.593 3975.500 
-1803.844 -1766.407 -1712.375 -1686.094 -1326.000 -1301.719 -1279.188 -1212.532 -1158.782 -664.313 -481.219 -352.750 -346.844 -306.657 47.281 91.531 125.343 171.687 201.281 208.156 439.000 486.875 522.906 568.343 579.625 640.250 686.843 719.593 731.187 780.687 950.968 989.125 1204.718 1251.218 1268.031 1292.968 1297.718 1353.937 1364.437 1374.593 1382.406 1400.625 1411.281 1421.437 1423.906 1452.937 2046.843 2262.781 2320.593 2398.250 2520.312 2530.843 2558.500 2564.093 2603.937 2741.406 3003.281 3058.468 3185.968 3329.562 3479.562 3561.375 3770.062 
-1738.750 -1581.875 -1194.563 -1111.188 -973.907 -948.969 -923.844 -854.750 -826.875 -610.344 -526.750 -385.250 104.875 118.343 128.250 130.718 164.406 171.968 235.531 243.656 264.562 287.875 289.812 344.875 488.656 497.531 522.218 531.406 605.281 654.656 698.187 1188.156 1216.031 1294.656 1324.531 1424.656 1442.281 1452.843 1472.062 1480.625 1484.093 1575.000 1648.031 1680.937 1784.000 1802.937 1925.750 1965.750 1972.656 2085.656 2131.218 2308.968 2370.656 2414.218 2559.281 2653.625 2946.000 3038.343 3082.093 3404.656 3442.093 3830.656 3901.562 3904.968 3952.718 
-1936.969 -1670.219 -1583.782 -1451.125 -1423.969 -1398.282 -779.782 -589.125 -506.219 -477.125 -203.688 -1.469 28.312 49.812 110.031 175.937 228.843 281.593 300.000 305.968 409.000 540.218 568.906 574.843 591.750 665.531 704.375 765.937 972.281 1108.750 1153.656 1217.562 1391.875 1414.937 1436.093 1443.937 1453.375 1483.781 1917.625 2057.937 2282.312 2532.281 2744.937 2872.781 2917.343 2983.656 3038.937 3064.500 3598.468 3809.218 
-1581.657 -1563.282 -1538.532 -1499.282 -1016.438 -842.625 -207.344 -177.094 -119.532 35.000 174.593 190.156 194.281 233.343 242.250 390.593 453.781 555.812 653.468 676.625 685.750 732.718 733.593 767.593 966.687 1056.468 1293.968 1357.000 1363.093 1414.000 1483.968 1589.718 1611.875 1616.750 1789.968 2029.656 2253.312 2269.875 2386.531 2639.406 2977.437 3446.125 3491.500 3636.468 3919.875 
-1996.344 -1937.969 -1626.438 -1504.750 -1397.250 -1219.938 -1152.407 -1148.407 -1087.657 -874.000 -634.907 -490.782 -399.969 -348.188 -167.813 -158.157 20.718 50.218 57.937 172.750 297.562 443.218 532.406 597.062 642.250 661.218 734.156 746.031 1134.562 1404.843 1412.062 1462.687 1894.968 1898.031 1982.000 2081.031 2128.937 2190.062 2205.562 2228.125 2461.968 2610.093 2721.468 3557.281 3603.625 3706.437 3760.718 3802.468 3848.343 3852.125 
-1935.844 -1888.594 -1887.250 -1304.282 -1221.688 -1042.657 -916.875 -431.813 -407.782 -253.000 -250.407 -182.250 49.375 55.250 100.562 214.093 343.562 439.468 527.875 693.343 793.187 987.718 1094.437 1283.625 1390.468 1402.343 1431.125 1457.656 1465.312 1568.718 1590.218 1707.937 2132.562 2248.843 2256.312 2809.968 3026.031 3132.937 3355.968 3698.843 
-1948.500 -1901.438 -1869.157 -1838.688 -1731.844 -1512.063 -1354.407 -899.813 -451.032 -441.938 -408.532 -248.282 -122.750 164.062 198.875 226.062 251.593 328.875 392.625 448.281 498.968 554.750 720.031 1121.437 1136.000 1259.562 1363.718 1386.312 1413.562 1436.531 1901.968 2390.281 2664.562 3292.656 3378.468 3521.031 3870.218 
-1334.250 -1156.844 -1101.532 -944.657 -841.750 -532.063 -205.938 -158.375 21.906 40.968 64.906 205.250 355.156 601.718 688.625 920.062 945.062 1107.750 1122.875 1210.593 1282.156 1364.031 1383.062 1403.156 1571.687 1854.718 2090.375 2458.937 3283.531 3524.812 3636.312 3878.625 
