-1983.219 -1972.219 -1920.219 -1666.469 -1533.313 -1393.157 -1052.844 -1048.813 -862.250 -65.063 16.906 57.406 130.218 150.718 168.156 240.218 278.750 359.562 373.250 383.156 392.968 423.750 433.250 478.093 487.843 508.625 543.250 566.250 598.312 811.437 897.718 916.281 929.625 932.812 949.906 961.843 985.125 990.656 1003.781 1056.406 1117.781 1124.312 1592.937 2173.406 2274.343 2366.875 2805.687 2813.500 2833.687 2978.250 3171.343 3340.000 3365.187 3423.312 3677.218 3848.437 
-1794.219 -1588.032 -1393.250 -1350.657 -1157.907 -1084.313 -1011.625 -940.907 -860.875 -804.000 -591.125 -551.844 -377.875 -138.532 -28.813 28.656 50.968 62.281 69.187 159.218 265.218 271.093 280.718 291.875 387.031 414.656 419.375 449.000 453.968 478.125 612.625 764.937 814.406 843.218 927.937 945.125 971.031 992.250 1075.937 1079.843 1084.843 1132.062 1453.750 1496.625 1571.437 1616.562 2604.593 2704.500 2875.812 2961.281 3018.468 3370.062 3473.093 3916.937 
-1880.250 -1754.157 -1620.532 -1499.250 -1160.032 -1150.344 -961.219 -940.344 -767.282 -711.907 -647.157 -156.625 -102.907 -67.469 54.156 70.093 80.281 106.031 138.656 177.781 230.500 329.500 427.875 462.031 545.906 571.281 574.687 597.343 610.687 746.843 895.406 927.968 992.500 1019.906 1027.031 1059.718 1102.406 1114.531 1129.781 1386.562 1400.375 1495.781 1862.000 1882.656 2573.531 2621.906 2640.468 3129.468 3529.250 3561.750 3657.437 3895.531 3931.093 
-1882.407 -1493.438 -1232.344 -1143.719 -886.063 -875.657 -821.250 -643.688 -535.875 -499.157 -359.907 -121.563 -61.844 -35.469 -26.375 17.968 130.718 157.031 168.593 177.718 240.968 310.343 317.468 417.062 429.312 432.937 476.906 493.281 510.000 540.406 543.250 575.312 601.562 617.812 694.343 774.312 783.812 823.531 849.843 904.718 944.062 960.375 984.625 990.375 998.687 1370.593 1727.187 1744.437 1788.875 1819.750 1920.187 1923.562 2004.625 2191.375 2767.093 3004.812 3020.843 3343.156 3437.656 3536.875 3708.562 3794.343 3802.718 3886.875 
-1957.938 -1850.844 -1734.344 -1363.657 -409.438 -258.313 -208.938 54.375 70.781 140.250 242.437 294.687 307.250 382.125 430.968 448.000 477.500 515.187 534.125 574.750 589.593 597.187 624.468 640.468 720.000 726.687 781.343 814.843 931.156 938.218 950.406 969.406 1002.343 1015.468 1056.875 1076.343 1095.000 1102.093 1107.437 1131.500 1192.656 1271.406 1295.437 1336.093 1511.343 1789.812 1897.968 1956.906 2244.781 2274.437 2314.562 2497.062 2628.562 2808.125 2864.281 3223.093 3323.437 3357.937 3406.687 3435.156 3525.875 3885.718 3939.531 
-1976.907 -1938.407 -1881.844 -1631.219 -1248.844 -1234.375 -1163.157 -1103.938 -772.750 -667.594 -601.438 -561.813 -310.500 -301.438 -159.875 -124.500 16.000 78.562 86.375 139.375 218.500 229.593 312.406 329.562 381.593 388.343 395.906 412.375 432.156 493.437 569.468 764.843 802.937 815.656 829.062 898.562 910.593 927.656 1002.718 1011.218 1026.312 1038.281 1054.843 1059.625 1076.125 1100.593 1111.093 1405.656 1721.937 1794.187 1859.750 1939.375 1951.312 2160.000 2704.531 2821.375 2865.312 2904.968 3065.468 3089.406 3128.437 3398.500 3728.656 3755.687 3872.625 3932.125 
-1890.032 -1844.813 -1762.782 -1741.438 -1740.719 -1549.313 -1480.719 -1253.344 -1038.563 -1030.094 -719.907 -596.469 -387.563 -379.219 -356.532 -147.125 53.750 85.656 143.625 168.093 180.125 204.187 231.218 253.781 303.562 381.562 398.593 434.687 438.375 470.312 557.531 569.906 811.000 823.437 896.968 904.250 929.625 933.593 969.625 992.468 1003.656 1039.656 1073.250 1086.281 1102.468 1131.437 1139.250 1177.125 1553.656 1765.125 1792.625 1868.625 1981.656 2113.718 2377.562 2649.781 3173.593 3311.250 3397.000 3428.562 3443.843 
-1999.375 -1932.844 -1913.500 -1842.032 -1621.125 -1540.813 -1536.282 -1501.438 -1444.438 -1303.250 -1160.000 -965.938 -947.719 -836.282 -725.000 -545.094 -243.625 70.062 88.125 128.750 143.906 155.031 223.250 280.593 295.750 310.718 418.187 432.218 447.843 461.093 478.093 532.187 589.656 597.218 607.031 627.968 723.687 816.531 841.093 844.406 878.687 905.968 915.125 927.625 930.718 949.281 1006.187 1026.843 1056.625 1085.312 1113.968 1131.687 1161.593 1268.187 1367.781 1430.562 1834.812 1889.281 1907.562 1940.281 2073.500 2163.125 2381.718 2751.281 3340.718 3373.750 3434.375 3466.812 3530.187 3642.343 
-1546.532 -1448.500 -1173.532 -1019.844 -679.594 -279.344 -228.750 -190.094 -53.657 -36.844 159.843 213.250 273.843 279.781 292.093 340.031 346.687 380.593 409.937 415.531 489.562 543.562 626.093 722.468 735.437 764.937 777.812 822.250 825.687 913.218 933.906 964.000 1031.843 1060.500 1094.562 1117.093 1212.750 1599.968 1759.531 1982.937 2049.656 2157.687 2897.406 2949.937 3206.031 3225.250 3556.718 3594.062 3620.187 3691.156 3699.687 3744.250 3841.781 
-1963.032 -1955.532 -1823.375 -1272.219 -1151.094 -727.532 -306.719 -249.469 -234.094 -144.594 53.000 82.062 221.687 265.593 377.875 416.906 422.718 438.781 448.375 478.750 514.843 519.906 564.656 589.000 598.531 765.187 802.781 822.250 839.000 919.875 933.500 948.156 952.500 965.375 1086.562 1122.593 1133.062 1148.875 1298.250 1697.406 2349.312 2454.031 2495.718 2528.500 2582.906 2847.312 3132.000 3423.468 3571.656 3830.062 
-1943.407 -1774.094 -1468.125 -1253.844 -1092.250 -660.313 -435.688 -192.688 -127.032 -97.688 71.281 138.156 204.812 207.031 239.406 307.718 330.093 394.875 421.281 476.218 561.000 564.468 569.906 609.312 792.250 813.562 917.625 921.312 960.843 963.531 982.406 990.906 994.906 1024.937 1051.781 1069.593 1074.937 1083.218 1085.500 1566.250 1625.031 1626.781 1637.750 1641.625 1763.593 1847.843 1940.375 2048.125 2149.937 2253.843 2420.468 2940.531 3031.687 3145.156 3236.343 3578.968 3684.593 3870.031 
-1878.157 -1726.688 -1690.500 -1680.125 -1595.438 -1415.844 -1349.782 -900.563 -498.532 -491.407 -419.657 -313.063 -239.313 -224.375 -139.157 -127.063 168.375 180.187 203.500 208.593 213.687 254.781 292.156 296.937 329.937 489.437 541.656 586.656 723.562 775.656 784.562 812.875 824.656 830.968 843.781 848.906 884.718 919.500 1015.468 1082.156 1116.031 1443.093 1471.906 1485.406 1538.718 1604.500 2275.625 2507.218 2548.406 2669.093 2759.250 2897.906 2915.031 3153.812 3231.281 3523.687 3608.625 3784.218 3946.750 3973.937 
-1858.250 -1817.344 -1714.125 -1660.000 -1594.969 -1501.594 -992.282 -977.094 -742.500 -458.750 -361.875 -273.157 -234.750 -230.844 -192.594 58.656 131.531 160.093 214.000 264.343 439.937 448.312 474.312 511.625 624.593 638.468 792.562 832.187 896.093 951.593 1076.593 1096.843 1111.250 1254.250 1553.750 1776.656 1830.093 1881.656 2039.250 2053.250 2441.843 2473.062 2676.500 2762.343 3000.718 3002.218 3080.062 3094.156 3237.625 3359.281 3433.500 
-1860.188 -1834.875 -558.282 -394.407 -187.000 -76.344 59.406 145.656 242.125 265.500 372.125 436.468 458.968 479.093 509.000 543.906 626.031 766.093 836.031 917.031 922.250 963.218 965.031 989.750 1041.312 1075.781 1122.125 1136.531 1344.125 1429.406 1725.000 1794.312 2202.218 2733.625 2754.500 2777.468 3210.687 3257.593 3447.875 3607.812 3643.250 3914.906 
