-1964.782 -1780.344 -1471.594 -1434.219 -690.032 -331.438 -182.719 68.437 130.500 275.968 336.312 448.875 523.281 552.375 646.750 664.406 680.218 785.312 798.156 876.937 885.781 975.593 1062.562 1106.562 1169.000 1183.062 1204.500 1404.843 1429.968 1696.593 1880.031 1984.187 2061.937 2249.093 2306.125 2676.718 2752.375 3002.187 3256.375 3342.718 3926.125 
-1306.750 -1282.657 -1174.063 -973.907 -899.500 -734.344 -700.313 -521.625 -490.782 -454.000 -283.563 25.875 53.562 86.937 119.531 218.000 223.156 230.062 289.812 321.968 500.031 508.968 555.906 588.281 595.531 628.656 648.562 674.750 872.937 879.093 892.843 899.093 990.531 1050.843 1214.062 1292.281 1353.781 2322.812 2466.281 2789.875 3100.843 3123.062 3224.781 3491.843 3541.437 3623.593 
-1475.813 -1449.907 -1323.157 -1253.875 -1219.282 -1183.469 -1032.782 -952.157 -787.157 -762.813 -721.000 -350.469 -160.094 -129.282 -55.750 15.906 63.343 78.312 91.718 132.000 175.468 193.062 220.218 262.281 406.437 493.218 506.343 552.906 629.218 657.843 744.500 767.781 781.812 865.937 964.812 979.250 989.468 1073.937 1200.218 1227.875 1282.281 1356.843 1415.375 1427.562 1442.562 1794.312 1975.156 2215.593 2320.093 2615.281 2874.687 3001.062 3215.843 3427.875 3505.968 3719.375 3815.625 
-1999.813 -1701.344 -1597.375 -1592.219 -1306.438 -1267.219 -818.125 -751.313 -706.094 -625.282 -517.313 -342.688 -212.125 -151.438 -141.032 27.250 48.593 211.281 219.218 266.000 285.531 382.000 520.531 529.312 541.593 611.625 698.156 703.468 712.718 740.718 748.750 757.125 770.468 845.906 895.531 962.937 975.281 1041.500 1048.062 1053.968 1069.375 1087.875 1090.781 1191.125 1206.968 1210.750 1219.968 1242.687 1288.406 1290.781 1340.906 1637.593 1861.406 1898.093 1983.968 2039.125 2098.343 2850.406 3074.531 3391.156 3490.218 3630.312 3831.281 3839.156 
-1874.094 -1314.969 -738.125 -633.907 -551.219 -485.719 -415.469 -382.344 -229.563 -138.000 -80.032 27.218 51.781 262.062 336.281 481.906 531.000 590.812 628.281 636.062 670.968 743.312 798.218 875.500 895.562 1091.625 1106.187 1132.781 1165.750 1214.656 1244.093 1282.187 1288.562 1319.531 1333.968 1419.500 1436.718 1750.312 1751.812 2116.437 2122.343 2174.218 2215.625 2250.906 2417.562 2940.968 3055.281 3115.343 3253.062 3264.125 3579.312 3723.656 3774.875 3798.593 3804.125 3899.312 
-1932.563 -1888.438 -1666.000 -1585.219 -1545.782 -1210.407 -1172.000 -949.813 -911.657 -811.032 -769.157 -582.625 -520.782 -456.844 -315.094 -240.375 -234.344 -56.157 -21.282 17.562 29.187 136.343 207.343 217.343 277.187 318.781 417.406 528.218 586.843 628.312 653.625 767.812 790.781 800.031 895.500 976.437 1063.187 1093.093 1132.906 1199.562 1201.750 1239.250 1289.062 1298.781 1322.812 1413.593 1465.718 1567.062 2026.250 2283.468 2388.250 2414.031 2556.468 2566.843 2591.562 3077.937 3456.218 3630.218 3971.656 
-1595.344 -1512.063 -1444.750 -1315.750 -1313.469 -1178.594 -1151.000 -1069.438 -856.125 -794.750 -732.657 -708.625 -622.407 -492.532 -448.032 -375.250 -172.594 -47.407 -17.782 150.437 198.437 450.218 496.750 524.625 529.156 569.718 651.187 659.812 661.750 784.687 896.250 951.062 988.500 1028.250 1087.781 1126.125 1146.562 1200.375 1208.562 1287.687 1290.000 1330.843 1509.062 1621.843 1657.843 1775.187 2085.500 2118.187 2339.468 2391.218 2518.218 2843.218 3129.437 3218.312 3366.093 3461.781 3547.250 3627.500 3847.156 3876.812 3924.062 
-1994.094 -1915.625 -1881.594 -1462.219 -1453.313 -1236.344 -1116.282 -1035.094 -933.407 -432.563 -357.063 -352.250 -306.032 -293.313 -286.125 -281.000 -124.125 -80.750 -17.625 43.562 80.093 143.937 303.781 309.656 418.406 449.625 526.375 530.937 553.812 597.937 649.562 659.093 661.593 702.812 748.781 783.968 791.125 1067.812 1097.593 1106.031 1242.312 1269.125 1299.031 1340.750 1377.656 1400.218 1492.156 1668.281 1691.062 1745.281 2291.656 2424.875 2632.593 2783.031 2817.656 3293.031 3301.906 3405.500 3464.687 3504.718 3552.687 3644.437 3818.062 
-1567.688 -1303.750 -740.438 -517.094 -491.719 -343.375 -270.907 -51.438 165.593 177.437 275.437 283.843 318.187 342.281 417.093 427.968 501.562 532.250 538.468 586.812 662.968 739.125 977.156 991.093 1047.250 1098.625 1165.312 1191.406 1242.218 1298.875 1329.312 1341.156 1400.437 1412.625 1428.906 1446.531 1465.125 1692.218 1721.343 1986.968 2034.031 2130.593 2301.468 2548.343 2563.906 2688.281 2851.687 3385.437 3407.468 3476.343 3674.187 3859.281 3931.843 
-1945.157 -1767.657 -1503.813 -1133.344 -1095.969 -1047.907 -1032.375 -865.438 -278.094 -193.063 -136.063 -41.907 63.500 220.906 272.531 436.375 480.031 514.281 519.093 537.718 560.781 586.906 591.187 649.812 786.906 865.031 867.593 964.187 1127.125 1181.125 1195.906 1229.531 1306.718 1420.468 1825.625 1853.968 1890.125 2478.968 2587.968 2682.781 2842.968 3500.656 3513.375 3546.218 3678.281 3814.718 3912.093 3928.968 
-1795.907 -1647.250 -1436.219 -1426.532 -1142.157 -551.282 -73.157 7.531 12.812 54.250 69.625 76.593 85.281 306.343 416.437 455.906 532.031 552.531 567.406 598.843 635.156 739.437 747.875 768.593 869.468 960.656 1095.312 1127.843 1204.812 1218.812 1265.812 1278.250 1288.406 1329.093 1418.218 1523.687 1651.406 1872.593 2052.093 2340.156 2477.281 2626.750 2664.750 2688.000 3105.250 3506.656 3953.687 3962.062 3964.593 
-1705.563 -1662.907 -1174.375 -1168.125 -1070.907 -1008.938 -949.219 -423.032 -387.782 -309.875 8.000 29.906 54.437 68.937 185.718 334.031 506.937 535.000 550.843 628.750 646.593 746.312 779.687 792.125 800.656 1106.718 1197.062 1220.718 1327.906 1444.937 1474.093 2278.000 2623.625 2778.625 2996.937 3033.593 3211.250 3237.625 3565.937 3579.906 3596.031 3615.687 3653.843 3660.218 3707.062 3886.875 
-1841.500 -1601.438 -1571.782 -1510.594 -1152.125 -1130.844 -888.469 -780.063 -698.157 -364.157 -341.188 -71.782 38.937 214.062 268.875 286.281 289.750 336.187 361.218 418.687 518.343 554.750 595.093 628.406 646.343 661.312 683.875 710.062 752.062 785.250 797.312 1051.843 1062.031 1135.312 1267.625 1289.000 1327.906 1428.531 1499.593 2767.093 2859.187 2912.218 3287.156 3401.656 3644.875 
-1310.063 -1256.750 -1069.157 -1032.688 -953.563 -706.969 -648.407 -240.813 -236.469 -34.844 42.187 72.843 89.562 123.031 165.250 198.718 384.343 650.062 754.312 773.437 863.031 875.312 975.750 1060.843 1096.656 1126.125 1203.187 1205.906 1311.281 1424.093 1554.656 1817.468 1873.312 2024.343 2451.031 2654.937 3375.281 3393.531 3668.375 3713.437 
