-1881.032 -1847.157 -1759.625 -1671.063 -1639.313 -1556.500 -1193.344 -1152.375 -1093.938 -818.625 -642.688 -344.375 -288.750 -201.688 -153.813 -6.750 197.812 204.812 215.156 262.031 293.000 310.406 330.125 336.062 350.906 401.187 562.312 569.000 576.000 637.750 728.781 744.125 894.093 976.000 981.968 987.062 1096.406 1111.437 1120.968 1209.250 1393.187 1399.406 1402.750 1405.937 1413.843 1421.031 1456.218 1461.781 1585.812 1686.875 1714.375 1803.937 1816.468 1818.656 1909.781 1920.625 2041.968 2075.281 2113.718 2266.093 2635.750 2838.093 2872.281 2925.062 3249.968 3415.406 3459.562 3567.062 3801.875 
-1937.125 -1850.938 -1841.844 -1696.875 -1480.438 -1295.094 -1104.094 -933.750 -780.500 -756.125 -734.657 -671.219 -589.125 -524.282 -250.594 -46.782 -16.594 47.718 114.156 205.593 266.781 325.937 337.343 430.937 443.562 571.000 586.281 647.843 781.531 847.812 903.906 940.593 1008.343 1092.250 1121.437 1124.875 1225.781 1327.406 1337.718 1361.625 1371.687 1401.281 1414.593 1435.062 1595.500 1598.750 1602.625 1697.968 1714.281 1797.218 2000.937 2038.718 2044.281 2078.093 2095.281 2135.031 2255.031 2458.593 2724.562 2882.500 3007.968 3026.468 3092.281 3287.843 3330.156 3370.312 
-1991.375 -1915.313 -1718.282 -1696.657 -1380.907 -1303.407 -1171.250 -358.750 -180.469 28.531 128.875 139.218 263.281 273.687 335.468 463.375 472.906 569.312 576.375 681.500 769.906 782.656 794.343 903.531 979.437 1112.937 1257.375 1326.468 1385.593 1399.562 1402.875 1445.125 1460.562 1559.906 1594.125 1612.187 1616.437 1706.187 1777.250 1909.843 2028.156 2056.906 2062.125 2080.468 2135.562 2233.875 2271.093 2396.031 2449.468 2873.468 3039.156 3053.625 3367.250 3562.500 3628.625 3778.218 3914.125 
-1899.969 -1822.313 -1665.875 -1630.750 -1574.813 -1501.563 -1479.719 -1385.844 -988.782 -453.188 -235.250 42.250 141.281 156.968 179.343 223.593 348.593 352.906 437.125 447.312 457.250 476.375 563.750 675.156 694.812 742.093 786.281 798.437 880.843 897.468 909.218 917.593 922.093 940.406 959.218 964.531 990.562 1103.500 1114.062 1192.062 1249.593 1323.406 1334.500 1370.906 1434.437 1456.406 1650.562 1715.093 1765.687 1780.000 1798.343 1804.843 1816.750 1880.593 1888.468 1917.562 2013.937 2061.218 2096.437 2122.406 2226.125 2282.937 2285.968 2603.375 2739.187 2822.593 2846.687 3066.375 3101.343 3248.062 3439.625 3639.156 3844.812 3975.937 
-1979.125 -1951.469 -1924.594 -1890.000 -1856.219 -1850.719 -1794.188 -1751.719 -1749.063 -1320.782 -1241.188 -1213.282 -1114.375 -1035.188 -907.907 -830.500 -751.407 -340.782 -68.188 -21.907 22.656 32.718 35.062 64.125 207.843 254.781 275.375 292.406 298.093 312.000 335.031 337.593 366.687 384.625 481.218 577.843 638.687 654.781 668.500 685.375 875.656 964.062 1060.906 1114.625 1123.875 1132.312 1221.875 1355.500 1396.312 1431.343 1488.781 1573.750 1602.500 1651.718 1791.406 1797.718 1842.593 1892.312 1911.000 1999.625 2065.062 2102.187 2114.156 2124.375 2189.312 2246.562 2255.281 2368.281 2937.656 2987.781 3613.250 3679.656 3704.718 
-1785.375 -1747.063 -1620.532 -1527.844 -1499.657 -1443.188 -1285.188 -974.000 -904.969 -874.282 -868.469 -827.969 -800.532 -744.938 8.843 45.218 58.593 86.375 124.000 150.062 310.843 314.968 335.468 338.031 350.156 431.406 466.375 562.125 568.937 574.093 668.468 758.718 792.125 898.500 918.687 936.687 958.625 975.281 1085.781 1125.156 1262.375 1268.375 1362.968 1371.750 1390.343 1455.031 1514.687 1564.000 1589.031 1602.312 1687.312 1797.968 1890.968 1910.875 1922.125 2017.718 2033.781 2059.437 2074.781 2075.437 2078.843 2097.312 2104.750 2236.750 2264.812 2288.062 2502.281 2505.468 2534.093 2792.468 2926.875 2969.750 3028.937 3037.812 3070.062 3115.062 3157.687 3277.968 3447.468 3663.687 3909.343 3969.625 
-1972.844 -1879.157 -1286.563 -1260.500 -1236.688 -1223.375 -1141.000 -874.532 -794.907 -781.157 -456.344 -366.594 -116.469 -83.157 39.718 51.531 134.312 140.468 148.562 183.812 212.968 223.843 284.156 290.875 481.250 586.593 658.093 762.218 776.812 860.406 896.531 912.312 918.593 927.031 956.437 962.781 975.812 1007.625 1099.750 1249.437 1266.718 1372.906 1389.562 1400.656 1406.656 1412.781 1434.031 1515.312 1579.906 1594.468 1649.781 1717.500 1779.906 1812.718 1941.125 2016.968 2049.968 2053.343 2060.625 2063.468 2115.843 2134.718 2173.468 2258.375 3120.343 3420.531 3667.875 3879.781 
-1646.657 -1549.157 -1467.813 -1014.407 -667.532 -511.969 -467.344 -397.313 -305.532 -231.657 -141.594 21.031 54.750 186.250 204.125 213.937 262.531 274.218 283.312 316.031 394.687 458.031 577.875 654.218 661.531 973.906 976.687 1028.281 1126.468 1204.406 1235.750 1268.812 1279.406 1371.218 1384.875 1399.562 1452.812 1611.468 1707.468 1790.250 1796.781 1890.000 1939.718 2009.375 2028.437 2032.031 2050.812 2054.031 2062.781 2080.375 2101.718 2134.875 2495.906 2622.781 2810.281 2819.625 3306.031 3378.437 3494.906 3544.250 3614.625 3923.312 
-1968.157 -1899.282 -1889.938 -1855.407 -1620.907 -1473.875 -1449.407 -1417.938 -1316.313 -1217.219 -1035.875 -589.719 -552.000 -516.907 -377.500 126.875 264.593 310.906 326.500 352.312 421.000 639.562 650.281 677.968 772.968 777.281 791.750 880.781 888.218 924.187 927.406 937.437 996.125 1090.343 1093.375 1103.656 1131.562 1191.906 1242.843 1390.281 1473.656 1510.906 1817.343 2003.125 2017.625 2074.000 2093.625 2101.218 2133.875 2149.343 2177.562 2192.593 2199.750 2227.031 2234.156 2242.812 2566.937 2772.625 2847.093 2854.812 3064.750 3399.718 3799.531 
-1810.063 -1773.907 -1337.282 -1232.782 -1189.500 -630.625 -537.500 -180.500 8.000 29.750 61.750 195.218 202.718 245.781 278.937 403.875 442.718 545.593 562.437 636.343 875.687 889.343 895.781 935.687 974.812 995.812 1112.937 1223.031 1240.250 1359.500 1385.375 1417.812 1816.843 1831.062 1843.656 1919.843 1979.656 2045.343 2066.406 2226.781 2246.093 2257.000 2656.093 2662.718 2736.875 2841.062 2849.562 3185.406 3386.593 3654.906 3712.656 3822.562 
-1887.125 -1061.094 -1025.438 -864.125 -793.938 -769.750 -614.125 -376.063 -341.219 -211.782 -140.125 9.343 202.875 254.187 312.500 347.718 370.312 474.031 520.406 652.750 740.375 769.156 848.250 991.968 996.125 1092.562 1113.156 1226.312 1243.218 1309.718 1360.187 1403.218 1486.406 1599.125 1896.750 1997.875 2072.750 2097.156 2257.000 2768.906 2923.781 2926.593 3132.468 3239.156 3295.437 3326.531 3392.125 3570.312 3834.312 3842.468 3943.312 3963.031 
-1778.969 -1740.844 -1407.563 -991.782 -865.719 -830.688 -638.563 -234.563 -177.782 -173.032 266.343 283.750 285.687 464.218 495.468 740.687 794.156 895.531 975.031 981.593 1374.312 1400.968 1454.781 1487.062 1504.218 1508.437 1565.468 1568.531 1587.531 1696.437 1890.625 1909.281 2064.281 2526.156 2542.125 2715.093 2778.656 2942.000 3053.375 3077.281 3214.718 3356.593 3464.156 3477.687 3707.906 3720.062 3751.187 3905.218 3963.750 
-1981.719 -1826.407 -1694.469 -1681.594 -1663.813 -1248.063 -1088.719 -765.938 -375.063 -266.000 -192.813 -162.782 -85.063 310.062 451.187 666.656 901.343 904.343 906.968 974.093 977.562 993.125 1092.437 1326.281 1403.750 1439.093 1454.218 1819.906 1889.343 1900.593 1915.750 1921.093 1980.000 2025.500 2042.406 2049.875 2068.093 2227.812 2243.000 2892.062 3256.156 3275.500 3326.562 3852.312 3919.468 
-1588.157 -1536.125 -1127.407 -893.844 -769.625 -610.407 -598.782 -597.282 -530.907 -408.532 -296.032 -269.344 110.906 117.312 262.843 310.750 345.625 346.281 473.875 496.187 574.218 738.968 755.812 797.468 855.750 889.468 909.718 978.812 996.656 1064.937 1087.187 1115.562 1122.843 1256.218 1389.500 1400.156 1455.093 1473.562 1612.125 1623.000 2014.500 2034.906 2049.750 2078.312 2089.531 2122.187 2204.906 2254.843 2336.187 2650.718 2709.156 3195.875 3500.812 3539.000 3554.718 3792.312 
