-1761.344 -1485.563 -1223.500 -968.875 -647.000 -504.438 -262.719 -158.625 -114.844 -13.750 94.312 125.375 144.687 236.125 478.437 520.093 553.625 574.281 598.031 721.406 737.687 747.812 771.218 782.812 786.437 812.718 876.968 886.781 914.750 1082.531 1181.750 1357.875 1482.062 1497.875 1618.687 1631.687 1687.062 1706.937 1733.406 1743.593 1748.187 1755.781 1780.656 1796.906 2024.031 2520.406 2569.437 2731.375 2781.312 2901.843 2997.718 3333.093 3702.812 3943.812 3994.468 
-1967.188 -1860.313 -1467.750 -1393.032 -1252.657 -1133.282 -1020.438 -853.032 -686.532 -652.282 -586.032 -416.344 -326.563 -263.313 3.906 20.625 36.062 97.343 145.437 161.062 206.781 214.875 228.031 313.375 330.875 345.843 355.625 396.937 517.437 542.406 546.656 595.906 668.875 734.000 784.500 804.656 806.281 894.687 1136.625 1242.906 1291.593 1359.593 1513.593 1517.406 1550.218 1603.250 1622.906 1632.093 1645.843 1669.625 1672.343 1715.843 1784.187 1826.875 1844.750 2077.156 2387.375 2596.875 2627.531 3000.531 3097.000 3208.062 3351.875 3438.500 3556.468 3866.218 3905.843 
-1779.125 -1399.438 -1187.188 -1161.157 -597.407 -475.188 -271.094 -35.750 18.593 157.343 181.062 286.343 329.625 396.406 468.718 530.593 570.156 596.625 668.812 682.406 736.187 739.281 816.781 876.531 904.843 1044.437 1180.937 1214.218 1246.031 1262.093 1327.562 1349.718 1439.531 1512.687 1529.000 1549.281 1629.406 1709.750 1726.593 1778.562 1812.093 1826.343 2067.312 2109.125 2169.812 2557.125 2626.156 2712.750 2876.468 3135.843 3648.968 3946.062 
-1979.375 -1833.938 -1369.844 -1159.844 -831.188 -783.594 -707.438 -434.000 -307.844 -257.469 -253.313 -86.125 17.843 48.750 72.218 84.375 125.531 137.187 149.593 187.406 334.562 349.468 373.500 406.250 596.906 610.968 653.843 679.531 725.281 835.937 847.031 872.218 886.125 1008.312 1091.843 1150.812 1318.625 1348.093 1465.281 1487.062 1658.687 1716.843 1723.062 1731.875 1751.937 1755.562 1844.281 2739.375 2785.375 3331.937 3409.625 3441.718 3989.281 
-1884.594 -1499.907 -1008.844 -871.750 -719.594 -588.563 -528.532 -412.032 -16.500 72.375 135.937 230.218 305.000 314.781 332.875 388.312 395.312 410.062 495.781 541.750 653.343 673.843 700.531 736.531 774.468 782.000 795.875 804.531 899.468 1088.000 1245.750 1349.781 1399.250 1523.187 1545.531 1621.843 1673.343 1689.843 1731.875 1735.875 1750.218 1787.812 1862.968 2137.906 2336.125 2371.218 2404.125 2501.406 2635.625 2683.437 2746.187 3040.843 3164.062 3505.000 3582.625 3612.468 3908.812 3951.656 
-1929.969 -1903.813 -1868.750 -1846.688 -1763.532 -1679.344 -1638.782 -1551.907 -1545.844 -1533.907 -1124.094 -1048.750 -1036.813 -939.219 -774.844 -768.813 -637.532 -367.938 -248.219 -115.313 -52.719 -24.782 18.500 53.062 79.437 231.218 341.625 413.031 494.218 522.500 530.718 544.218 546.656 558.968 570.281 595.656 607.875 672.156 733.093 746.093 769.781 788.093 834.250 840.312 880.281 1136.093 1158.843 1176.968 1185.218 1220.843 1269.875 1295.531 1356.125 1379.781 1401.125 1497.812 1502.468 1517.843 1552.562 1603.562 1619.906 1636.687 1684.312 1779.281 2020.687 2119.375 2203.406 2273.500 2386.062 2430.500 2493.343 2657.281 2702.343 2742.406 2800.406 2909.343 3213.625 3623.687 3663.562 3672.937 3781.125 3940.968 3953.718 
-1783.094 -1716.000 -1614.532 -1560.750 -1227.282 -1201.500 -965.938 -840.625 -751.500 -623.594 -511.125 -384.000 -361.250 -346.469 -273.250 -260.688 -129.594 127.093 212.968 332.718 350.250 396.750 406.156 410.843 421.156 457.968 504.375 544.187 566.843 609.906 714.656 719.781 748.656 754.843 760.687 845.000 1065.656 1172.343 1264.625 1354.187 1371.656 1448.500 1464.625 1504.812 1517.250 1661.343 1731.156 1755.375 1786.218 1792.343 1821.156 2077.250 2254.156 2383.562 2447.937 2514.531 2576.593 2618.562 2963.781 3114.468 3181.562 3186.968 3214.406 3595.218 3662.156 3958.281 
-1879.813 -1640.063 -1367.188 -1133.063 -814.563 -758.469 -753.844 -669.938 -665.313 -311.000 -187.375 -151.188 49.031 78.406 173.343 183.250 206.218 408.093 525.625 530.125 556.406 576.875 587.906 607.937 610.312 672.375 692.875 727.531 764.656 771.062 781.718 784.343 856.312 860.656 1170.250 1182.406 1276.562 1282.281 1306.250 1349.562 1481.406 1498.031 1515.218 1522.687 1544.718 1637.906 1648.906 1674.000 1681.468 1704.625 1714.843 1727.125 1731.781 1748.812 1792.531 1798.562 1864.968 2342.468 2426.781 2482.843 2563.718 2904.906 3539.656 3924.250 
-1967.313 -1790.375 -1322.250 -1213.782 -992.438 -650.719 -638.125 -584.125 -420.344 -225.063 -48.250 11.218 79.093 90.000 95.812 108.968 114.093 147.375 176.281 199.875 233.125 373.562 406.625 656.656 816.781 877.750 920.468 1053.156 1154.031 1172.375 1340.000 1498.875 1503.968 1573.312 1616.125 1652.468 1687.343 1729.968 1804.218 1892.468 1945.187 2118.125 2463.750 2504.375 2506.812 2867.593 2961.093 3515.343 3584.593 3809.406 
-1963.657 -1851.094 -1416.219 -931.969 -867.250 -784.000 -733.282 -472.344 -198.750 -100.094 79.531 115.031 164.937 223.375 248.281 389.406 570.093 597.343 707.687 783.437 795.656 854.250 866.906 876.187 914.781 919.781 1005.343 1035.500 1077.093 1137.937 1153.500 1235.625 1293.218 1450.718 1476.812 1544.312 1554.968 1618.468 1649.562 1666.843 1705.062 1743.781 1859.906 2019.687 2512.218 2578.906 2652.187 2676.687 2733.468 3004.968 3086.812 3136.437 3274.812 3335.156 3536.156 3848.812 3962.031 
-1580.969 -1451.250 -1278.125 -1242.032 -1201.750 -987.250 -621.250 -348.688 -143.407 -105.313 -67.282 -19.125 -8.438 -5.532 46.000 63.281 204.968 355.531 570.156 610.437 694.312 701.125 733.562 737.468 787.843 865.093 893.468 1099.718 1138.812 1160.500 1265.687 1286.468 1328.375 1333.156 1348.281 1383.031 1480.937 1500.593 1520.250 1525.531 1544.062 1661.593 1688.625 1705.218 1715.437 1724.531 1754.250 1783.843 1840.375 2422.656 2610.718 2759.250 3286.031 3305.875 3341.406 3393.593 3442.718 3535.812 3626.687 3676.968 3776.218 3913.843 
-1865.625 -1782.375 -1215.469 -1146.969 -1110.032 -1049.344 -1025.000 -532.594 -477.063 -283.594 -173.469 17.125 47.281 72.062 82.125 137.875 179.625 226.968 350.593 370.312 378.500 460.250 520.125 528.031 567.500 612.343 732.593 736.562 850.468 895.125 1499.937 1516.031 1552.906 1660.468 1670.625 1682.781 1684.187 1726.687 1754.750 1780.406 1783.343 1793.593 1839.593 2040.625 2189.312 2271.781 2277.593 2635.750 2704.375 2922.406 3216.937 3245.312 3364.093 3381.625 3468.406 3738.656 3838.343 3965.906 
-1910.032 -1832.250 -1321.750 -1296.782 -1269.750 -1132.844 -463.625 -382.688 -381.875 -326.969 78.968 89.968 158.843 246.500 357.000 389.156 405.500 695.968 743.437 757.218 779.343 782.343 862.875 879.843 895.437 913.562 914.187 977.250 1088.968 1152.375 1171.718 1288.781 1515.906 1556.218 1556.968 1640.718 1648.156 1671.812 1729.500 1795.375 1837.625 2654.312 2750.031 2976.062 3214.718 3344.937 3562.000 3571.031 3731.750 3775.593 
-1597.188 -1484.563 -1313.282 -1227.313 -1197.844 -930.407 -559.625 -447.594 -12.719 101.656 240.968 284.093 299.906 392.625 418.437 458.718 496.843 553.343 599.875 659.406 669.750 732.343 894.375 1125.937 1151.937 1163.312 1622.000 1663.343 1709.093 1743.031 1792.531 1848.625 2052.000 2152.406 2420.218 2508.125 2585.156 2842.437 2984.187 3396.468 3518.562 3983.687 
