-1939.094 -1603.407 -1483.157 -1410.875 -1362.907 -1213.063 -1158.313 -952.657 -701.125 -514.469 -282.563 20.562 91.281 222.343 227.375 262.531 329.156 344.656 371.062 408.187 504.031 509.125 516.156 523.906 555.062 582.531 623.625 713.656 726.750 802.687 857.687 904.406 906.968 924.968 1036.375 1059.562 1184.031 1227.937 1334.250 1420.562 1447.312 1458.500 1541.187 1560.187 1889.375 1970.625 2205.250 2403.468 2485.000 2882.437 2909.500 2969.437 3208.250 3281.218 3390.843 3531.093 3634.687 
-1923.750 -1598.532 -1550.375 -1351.250 -1051.250 -904.813 -766.844 -499.125 -425.969 17.625 25.687 48.312 164.562 236.906 282.468 407.281 488.281 500.031 540.531 567.593 602.281 623.531 799.125 802.375 811.062 1059.062 1151.437 1186.937 1223.593 1237.125 1316.843 1365.031 1459.312 2142.000 2280.843 2324.718 2406.406 2477.625 2563.250 3080.187 3122.812 3273.218 3375.031 3588.250 3694.281 3734.718 3912.593 
-1700.844 -1586.657 -1551.125 -1393.157 -1078.938 -976.594 -711.907 171.250 217.468 244.187 289.718 306.000 321.000 331.781 355.875 466.625 494.906 521.718 534.156 555.156 578.281 588.562 598.593 604.031 690.250 711.656 716.593 723.031 788.031 800.250 916.437 1027.750 1089.718 1103.625 1113.281 1143.312 1152.781 1194.312 1200.468 1422.187 1452.031 1457.781 2211.500 2256.125 2531.750 2562.000 2772.437 2915.687 3008.968 3231.093 3354.312 3424.750 3519.687 3598.312 3680.812 3690.187 3982.312 
-1894.188 -1805.594 -1769.594 -1605.438 -1429.625 -1260.375 -1205.032 -1162.657 -1106.094 -968.438 -746.719 -581.969 -339.875 80.781 109.875 137.312 178.218 212.093 287.250 327.750 354.156 364.625 380.062 466.500 568.000 587.968 611.625 622.093 801.437 833.875 853.062 855.718 919.812 1026.843 1098.750 1127.343 1155.093 1161.812 1191.812 1205.625 1295.281 1320.437 1344.500 1399.312 1417.906 1441.875 1482.500 1487.750 1510.875 1560.718 1670.343 1931.687 2006.000 2144.062 2187.031 2221.968 2227.312 2331.406 2397.968 2589.375 2610.437 2750.031 3055.437 3240.937 3428.000 3452.750 3803.218 3839.250 3933.718 3960.468 
-1962.375 -1938.125 -1899.750 -1853.657 -1797.813 -1621.969 -1541.813 -1509.094 -1481.032 -1422.407 -1023.094 -975.219 -682.375 -632.094 33.843 61.937 83.437 119.750 137.781 155.093 283.062 356.000 363.468 376.312 387.937 390.187 404.125 443.906 453.750 467.156 489.750 493.218 494.343 511.375 520.312 523.625 533.750 587.562 593.031 621.093 680.437 702.875 731.468 789.687 814.625 903.125 1090.750 1101.031 1110.468 1126.562 1185.812 1192.312 1319.156 1327.125 1384.218 1400.968 1414.437 1419.468 1474.281 1489.125 1577.000 1882.812 2030.468 2130.656 2152.781 2221.937 2268.687 2343.843 2374.343 2443.687 2568.656 2649.156 2747.000 2842.406 2953.343 3009.500 3254.375 3540.750 3595.718 
-1915.750 -1790.438 -1710.063 -1525.469 -1442.157 -1416.844 -1399.032 -1383.844 -1278.407 -1259.282 -800.375 -721.282 -621.969 -612.469 -556.375 -483.344 -474.907 -281.750 -232.938 -137.813 -54.750 24.656 88.187 172.218 174.312 191.468 199.937 206.812 235.656 246.125 263.031 327.531 353.625 373.687 509.468 533.062 554.781 579.375 611.187 679.093 682.750 693.156 724.093 745.843 799.750 807.281 840.468 849.500 867.843 957.937 1083.031 1137.843 1191.125 1207.718 1223.468 1250.968 1343.937 1399.093 1470.375 1494.875 1823.468 1923.343 1975.281 2017.343 2149.093 2462.562 2529.312 2543.906 2621.531 2737.031 2797.218 2832.531 2868.375 2916.375 3016.062 3052.437 3182.906 3211.343 3304.531 3556.625 3596.093 
-1971.188 -1925.313 -1583.813 -1263.032 -1189.657 -901.625 -837.282 -493.594 -372.032 -361.219 -85.250 95.468 129.406 318.062 325.750 354.531 356.031 497.937 525.375 535.593 593.625 619.031 730.843 732.625 759.906 784.531 801.031 816.250 828.937 849.875 904.812 935.843 982.218 1038.062 1098.656 1104.468 1115.406 1159.312 1204.031 1278.781 1316.843 1323.625 1338.406 1345.000 1361.593 1373.187 1449.468 1455.500 1471.906 1495.593 1538.593 1571.906 2271.937 2461.312 2535.531 2575.156 2704.562 2739.343 3062.031 3065.093 3156.062 3332.875 3528.812 3651.906 3876.250 
-1893.375 -1768.250 -1491.125 -1004.907 -615.844 -492.782 -318.844 28.343 46.156 134.781 218.500 228.718 245.218 262.562 342.781 374.750 416.968 456.437 466.750 531.500 558.718 567.468 610.750 684.156 690.437 800.062 819.500 832.281 1100.250 1150.500 1253.250 1293.406 1362.718 1417.687 1458.125 1490.593 1571.500 1594.125 1678.093 1691.437 1714.906 1717.718 2343.562 2391.406 2844.843 2901.468 2928.031 3050.812 3227.875 3516.531 3666.187 3708.531 3738.812 3980.281 3992.031 
-1969.469 -1717.219 -1695.657 -1111.813 -857.938 -629.125 -614.219 -541.688 -523.907 -368.157 -353.313 -323.594 -88.875 21.218 36.781 62.968 85.281 146.937 230.625 296.937 363.312 454.406 507.343 549.906 592.906 640.562 680.031 721.875 737.156 782.531 811.125 863.187 881.906 904.000 1061.500 1071.781 1080.218 1111.031 1151.750 1156.093 1192.281 1204.281 1353.812 1477.687 1517.406 1541.500 1909.000 1913.781 1970.625 2096.312 2141.031 2358.875 2378.750 2453.875 2463.406 2472.531 2546.125 2970.093 3203.343 3363.031 3393.000 3548.375 3837.875 3851.031 
-1851.750 -1787.094 -1762.313 -1569.469 -1532.407 -1444.657 -1226.813 -1157.500 -745.594 -359.313 -135.282 -24.188 47.562 56.875 92.375 260.125 305.156 323.000 328.687 514.906 521.562 528.500 537.000 554.781 683.250 718.250 722.187 727.468 743.000 775.437 830.406 851.812 914.187 1088.125 1156.437 1244.218 1253.093 1318.875 1343.625 1358.687 1469.468 1504.781 2137.562 2158.375 2364.031 2587.843 2692.343 2739.187 3280.906 3380.406 3407.687 3528.187 3751.375 3825.000 
-1947.782 -1885.313 -1828.750 -1590.813 -1573.344 -1441.344 -1327.719 -1247.750 -1124.500 -630.094 -541.657 -442.657 -200.813 182.968 296.906 325.718 345.687 365.343 375.468 380.093 392.093 452.437 488.843 520.250 579.906 601.750 685.062 762.718 782.062 808.375 904.562 919.937 987.593 1118.656 1212.656 1276.656 1277.750 1360.875 1374.843 1438.406 1451.062 1476.875 1506.031 1542.156 1925.187 2352.968 2646.406 2933.156 3175.000 3191.281 3285.937 3316.937 3436.281 3459.531 3752.531 
-1733.625 -1604.782 -1298.532 -1290.750 -983.282 -830.407 -741.782 -650.875 -224.313 -204.219 -76.657 24.500 46.187 53.687 91.500 181.781 242.875 298.687 330.687 375.375 408.500 541.250 554.562 557.843 742.718 756.531 781.343 785.406 820.375 825.250 828.125 831.968 840.906 873.312 913.656 914.812 958.812 1027.031 1090.906 1103.906 1252.468 1344.531 1416.031 1458.968 1481.968 1484.437 1592.968 1607.125 1658.312 2034.718 2494.562 2673.843 2737.531 2969.281 2983.218 3149.125 3168.562 3629.031 3984.718 
-1862.125 -1699.157 -1662.094 -1249.000 -960.688 -459.469 -419.719 -244.313 -131.344 -81.469 -58.407 -7.813 74.468 225.375 230.062 434.062 464.468 505.250 542.187 574.593 580.312 597.062 650.500 693.843 811.156 843.562 852.843 863.312 917.125 1032.968 1059.937 1112.500 1136.437 1166.875 1186.062 1191.250 1243.375 1264.593 1316.375 1356.687 1411.187 1487.656 1639.187 1867.437 2000.156 2123.843 2603.531 2705.406 2742.843 2760.906 2847.625 3407.343 3508.937 3516.437 3596.718 
-1494.875 -1361.907 -1163.969 -975.000 -834.625 -383.750 -361.032 -295.188 -108.157 91.093 191.406 234.562 354.718 457.156 506.968 558.375 591.875 611.468 628.562 680.343 691.062 736.281 738.187 783.250 805.906 1125.312 1137.875 1224.000 1278.281 1452.281 1473.718 1495.562 1590.218 1899.093 1959.093 2010.093 2070.656 2595.062 2945.281 3032.656 3141.750 3459.062 3516.375 3746.906 3754.937 3782.062 3867.000 3910.812 
