-1561.782 -1514.594 -1292.469 -1038.063 -831.657 -461.969 -246.094 -13.813 42.625 55.000 67.937 129.843 254.687 360.843 474.437 689.437 693.843 735.625 792.156 869.093 1085.281 1277.156 1312.187 1358.375 1383.562 1416.593 1442.406 1528.968 1571.062 1597.812 1730.906 1737.937 1755.125 1759.562 1778.968 1787.031 1795.625 1862.000 2061.437 2128.937 2437.843 2739.437 3488.312 3550.406 3645.625 3804.187 
-1795.907 -1692.032 -1655.469 -1571.688 -1557.782 -1168.594 -1128.219 -812.907 -228.344 -173.282 -43.938 44.281 61.000 244.187 271.187 275.281 327.375 344.437 383.906 416.281 677.812 695.406 721.562 731.656 752.812 945.343 1048.781 1097.156 1266.968 1294.656 1322.250 1338.375 1349.687 1394.312 1427.437 1438.406 1443.781 1516.062 1578.000 1586.843 1593.750 1615.656 1718.062 1753.125 1779.687 1810.531 2105.906 2734.281 2769.656 2947.906 3027.093 3306.250 3717.531 3910.000 3994.031 
-1774.719 -1767.532 -1508.125 -1432.844 -1313.625 -1109.000 -1095.344 -1071.719 -1037.688 -806.032 -595.657 -547.094 -389.657 -247.750 -172.625 -103.657 -56.969 -25.469 272.468 285.843 288.500 293.750 326.781 358.250 367.156 377.000 378.812 416.968 641.218 684.468 690.812 726.625 729.437 760.031 1001.343 1043.468 1145.625 1312.187 1334.437 1357.625 1374.062 1417.062 1454.593 1725.781 1757.031 1767.125 1817.218 1835.687 1918.687 2017.875 2226.750 2469.062 2504.593 2725.093 2734.250 2757.718 2928.375 3007.562 3214.218 3249.843 3391.468 3459.625 3488.562 3520.812 3873.625 
-1891.344 -1865.438 -1783.719 -1774.719 -1419.844 -1249.188 -810.844 -553.407 -525.125 -382.500 -126.094 46.687 58.781 79.718 134.718 282.656 341.562 384.875 401.656 406.500 524.312 539.218 696.406 719.500 730.218 752.750 758.000 792.093 982.843 1014.468 1134.031 1164.281 1172.312 1173.250 1175.656 1191.531 1281.062 1284.218 1314.625 1341.250 1383.593 1395.437 1424.406 1530.062 1587.812 1598.750 1616.812 1745.906 1767.562 1784.000 1793.187 1815.125 2066.875 2373.781 2950.500 3052.500 3145.406 3195.843 3218.218 3417.250 3568.218 3798.031 3891.500 
-1957.782 -1945.969 -1901.938 -1755.344 -1656.563 -1401.407 -1361.625 -1156.282 -1081.938 -1017.250 -964.094 -883.563 -833.157 -502.157 -356.532 -292.625 -177.594 55.906 75.750 126.093 275.156 357.781 402.125 562.093 661.906 705.031 716.468 732.937 739.062 747.718 805.093 833.718 885.343 924.062 1072.156 1133.687 1315.500 1334.625 1364.781 1380.625 1416.968 1614.218 1747.812 1759.062 2270.312 2397.187 2425.281 2549.406 2771.093 2980.281 3331.312 3404.968 3479.031 3504.781 3521.218 3533.156 3733.062 3890.312 3901.156 3980.437 
-1934.282 -1873.782 -1807.032 -1805.000 -1776.313 -1740.469 -1625.125 -1470.782 -1423.938 -1389.188 -1313.594 -1178.469 -973.719 -874.313 -847.813 -714.625 -652.375 -580.188 -529.000 -437.188 49.406 126.968 152.281 158.468 166.187 241.875 284.468 287.812 291.375 319.281 419.125 485.156 515.093 553.500 572.062 698.406 703.718 715.406 726.000 738.125 792.687 1175.687 1193.812 1234.687 1365.406 1395.875 1406.656 1424.500 1427.406 1438.406 1529.406 1563.218 1585.437 1591.906 1730.312 1745.875 1775.187 1804.906 1818.406 1820.812 1996.875 2201.343 2354.406 2601.968 2805.000 3236.031 3240.812 3242.718 3313.531 3393.125 3412.562 3665.750 3989.625 
-1769.750 -1756.282 -1730.719 -1696.157 -1573.875 -1538.594 -1499.688 -1362.282 -1358.719 -1326.532 -1051.282 -893.032 -749.532 -743.594 -737.782 -702.719 -635.844 -129.407 -66.594 48.875 59.468 71.500 127.531 245.500 282.781 286.250 289.500 327.125 342.562 356.437 384.062 398.343 508.843 536.843 549.093 683.437 719.031 750.500 800.718 911.781 1122.312 1146.125 1270.062 1293.906 1319.000 1352.781 1417.250 1425.437 1433.343 1564.375 1750.343 1756.250 1760.531 1770.000 1777.843 1783.000 1806.031 2071.718 2094.812 2339.281 2520.312 2714.000 2928.500 2966.812 2993.781 3016.875 3282.156 3527.281 3567.062 3968.062 3984.968 
-1822.375 -1693.469 -1637.032 -1452.875 -1317.250 -1285.907 -1212.938 -1021.750 -930.344 -220.625 81.500 214.718 225.125 244.656 273.437 360.062 384.312 406.781 477.531 526.593 596.406 677.312 724.687 733.531 747.375 890.750 1172.687 1310.937 1321.625 1342.781 1366.218 1406.312 1410.312 1452.937 1544.812 1573.000 1585.781 1658.343 1735.781 1758.968 1801.062 1813.218 1834.718 1857.281 2268.843 2630.062 3148.812 3172.906 3217.437 3290.843 3358.531 3570.250 3650.843 3784.343 3850.687 
-1867.875 -1841.094 -1822.313 -1567.438 -1499.063 -1255.469 -681.375 -546.000 -8.719 72.437 110.812 124.500 195.875 398.218 400.781 531.812 539.343 548.156 643.250 667.968 706.187 714.000 737.062 752.250 1057.343 1315.281 1335.531 1351.625 1368.562 1393.875 1408.062 1416.812 1528.093 1558.656 1586.937 1792.093 1802.250 2041.937 2128.843 2178.500 2331.062 2595.031 2673.968 2702.093 2718.281 2911.906 2958.062 3170.000 3259.562 3422.750 3495.750 3538.968 3927.281 3964.937 3990.843 
-1887.594 -1635.344 -1515.313 -1380.438 -1352.063 -1252.407 -1199.407 -1191.594 -657.032 -470.094 -451.782 -128.657 41.812 57.187 78.875 228.468 319.562 326.031 378.937 414.562 417.687 476.875 501.437 532.687 554.187 561.781 564.625 672.312 785.500 805.062 815.250 915.250 1108.781 1169.156 1174.562 1301.468 1329.531 1385.375 1407.500 1424.187 1455.062 1589.593 1601.625 1666.843 1702.031 1765.968 1784.312 1812.031 1816.687 1824.812 2164.312 2323.125 2464.437 2932.312 3080.906 3570.500 3579.343 3594.750 3596.906 3857.031 3869.781 3915.343 3965.062 
-1875.532 -1806.594 -1623.157 -1572.688 -1492.907 -1389.000 -1325.657 -963.188 -600.563 -597.000 -563.813 -551.063 -415.532 -329.500 -255.125 -95.688 35.687 45.531 114.000 152.843 159.656 171.687 368.875 401.937 409.750 695.937 709.437 735.687 747.062 866.625 1067.937 1149.468 1172.500 1202.093 1241.593 1242.875 1281.625 1369.218 1396.468 1398.625 1415.375 1437.781 1456.718 1462.312 1490.031 1562.250 1576.687 1631.062 1691.687 1760.218 1773.406 1796.156 1823.187 1929.812 2041.718 2147.968 2425.750 2445.250 2558.718 2725.875 2820.781 3317.500 3422.468 3739.375 3758.500 3797.937 3812.375 3857.125 3926.718 3984.718 
-1968.907 -1769.219 -1681.125 -1641.094 -1534.532 -1507.750 -1290.875 -1241.782 -1206.750 -1057.657 -458.000 -358.969 58.593 149.156 178.000 290.968 317.656 325.968 326.968 351.500 355.937 358.250 373.375 377.312 400.687 412.375 564.718 681.031 788.718 798.125 829.875 859.968 1100.250 1134.343 1311.656 1346.312 1425.875 1434.062 1458.000 1578.375 1784.218 1811.406 1950.812 1958.718 2114.843 2257.906 2580.375 2606.406 2879.968 2911.218 3237.343 3607.312 3667.062 3826.843 
-1813.657 -1671.094 -1318.969 -1306.625 -1170.532 -1123.657 -916.907 -397.125 72.250 156.437 241.687 267.812 275.062 326.562 357.031 359.187 397.531 418.781 468.562 676.843 749.593 779.750 930.218 1301.718 1358.125 1379.687 1569.218 1764.718 2138.656 2205.437 2240.375 2337.656 2468.625 2660.437 3034.718 3110.843 3145.812 3241.687 3458.281 3987.875 
-1938.094 -1897.032 -1854.657 -1490.407 -1371.563 -1344.688 -1188.125 -716.719 -488.094 -475.844 -454.938 -27.719 34.593 38.656 77.906 122.468 135.906 250.562 317.718 327.625 395.750 518.125 528.718 789.468 1017.281 1190.093 1234.125 1311.218 1318.687 1335.156 1352.843 1384.406 1518.062 1617.750 1618.937 1750.843 1765.437 2238.031 2390.750 2469.281 2849.062 2860.812 3033.281 3150.781 3194.281 3317.437 3746.718 3777.500 3800.718 3848.593 3936.062 
