-1937.907 -1536.719 -1447.407 -1065.063 -1052.938 -443.782 -269.282 -253.657 -27.782 110.062 182.406 302.875 365.625 386.187 399.625 408.937 561.718 747.156 822.312 840.250 863.156 926.656 982.906 1011.656 1150.968 1207.656 1397.031 1534.156 1551.875 1595.656 1645.375 1651.406 1719.312 1796.093 1923.906 1963.281 1966.468 2005.281 2050.156 2093.875 2136.750 2179.781 2197.750 2245.812 2293.218 2322.468 2363.500 2374.812 2450.125 3158.843 3270.593 3289.531 3360.281 3549.656 3599.375 
-1913.782 -1745.500 -1621.282 -1454.532 -1427.157 -920.782 -846.125 -777.657 -759.532 -571.125 -521.125 -429.219 -354.719 -328.969 -88.563 58.937 96.093 232.593 275.468 309.187 454.187 470.500 498.906 599.750 624.656 697.937 726.968 831.281 858.562 932.562 971.093 1015.843 1027.937 1041.812 1122.687 1204.343 1227.906 1300.781 1324.406 1511.093 1554.656 1560.718 1575.250 1581.718 1864.625 1925.000 2056.000 2087.781 2117.625 2132.156 2151.968 2240.781 2295.156 2311.625 2450.375 2477.718 2537.687 2730.281 2830.781 2949.062 3049.250 3215.906 3231.437 3302.500 3630.906 3724.218 3792.968 
-1860.000 -1647.219 -1502.157 -1376.563 -1352.282 -1178.282 -851.938 -645.594 -431.844 -71.344 35.468 95.093 108.437 224.375 236.500 342.937 369.468 400.625 541.156 730.187 856.843 867.531 1018.781 1047.062 1138.187 1152.906 1212.875 1343.718 1450.125 1474.312 1546.218 1574.843 1596.437 1662.968 1805.000 1865.937 1896.218 1915.125 1955.406 1963.125 1977.187 2229.718 2315.000 2377.250 2516.187 3166.343 3408.000 3704.718 3765.750 3771.062 3772.187 3816.468 
-1596.407 -1525.063 -1314.438 -1223.125 -975.782 -734.282 -564.219 -403.938 -250.125 -223.438 18.937 77.125 112.781 124.250 124.500 229.062 293.062 423.250 544.218 586.437 718.906 760.187 771.656 856.343 916.531 942.500 964.593 991.468 1031.562 1086.812 1152.218 1160.593 1192.562 1209.812 1260.406 1280.500 1353.937 1447.875 1514.281 1564.750 1619.906 1652.406 1790.218 1895.312 1907.187 1963.687 1997.437 2056.062 2056.781 2133.156 2140.625 2169.250 2220.281 2269.156 2306.906 2319.562 2336.125 2345.968 2373.843 2870.656 2894.093 3000.093 3245.812 3294.968 3532.906 3553.531 3669.312 3870.656 
-1745.000 -1738.032 -1405.782 -1173.219 -1046.469 -995.125 -955.313 -901.438 -462.032 -222.532 -222.032 108.625 119.875 179.031 234.281 288.093 370.718 376.562 461.750 477.468 498.406 531.718 731.468 744.906 771.156 775.218 796.656 857.375 968.187 975.343 987.468 990.531 1103.562 1161.218 1192.000 1200.125 1209.906 1220.937 1321.906 1388.656 1410.062 1431.781 1471.218 1476.843 1504.562 1514.250 1546.718 1553.156 1663.656 1788.156 1797.718 1866.781 1869.625 1889.750 1919.531 1959.906 2047.718 2057.875 2117.687 2193.656 2242.468 2276.531 2314.062 2360.093 2374.093 2483.656 2633.218 2686.531 2902.125 2960.437 2980.281 3019.031 3157.750 3235.875 3501.000 3584.625 3645.031 3956.656 
-1969.282 -1952.344 -1948.157 -1938.844 -1808.907 -1516.344 -1486.157 -1328.594 -1099.282 -1015.469 -987.750 -842.969 -793.125 -741.782 -362.344 -307.532 -226.125 -133.782 -57.282 -26.438 14.781 65.468 97.468 119.781 295.468 436.093 443.062 522.062 524.812 541.750 696.906 725.906 747.593 783.218 846.750 1013.187 1211.625 1320.625 1332.000 1394.375 1413.968 1431.468 1467.968 1497.593 1524.812 1537.656 1559.750 1565.000 1798.187 1806.062 1913.906 1956.500 2057.343 2106.343 2141.156 2151.218 2277.750 2284.281 2322.906 2345.875 2375.156 2524.406 2693.562 2732.281 2924.406 2944.187 3173.312 3259.093 3275.906 3485.625 3656.437 3722.531 3750.687 3916.906 3993.593 
-1742.500 -1679.032 -1514.844 -1501.813 -1322.657 -1286.969 -1219.657 -1148.844 -1108.813 -1023.719 -419.000 -269.719 -176.875 -56.282 120.437 146.500 194.437 208.093 356.562 413.312 440.031 440.593 513.250 609.093 731.843 736.562 835.125 900.687 913.656 915.843 950.250 969.968 976.625 1028.031 1166.687 1248.125 1256.062 1256.843 1317.968 1363.531 1391.656 1396.406 1449.375 1496.156 1512.812 1563.281 1593.187 1596.500 1652.375 1670.875 1776.156 1870.531 1883.562 1915.343 1962.812 2109.218 2140.937 2169.437 2271.593 2293.750 2296.218 2310.593 2363.437 2375.937 2590.312 2686.156 2765.218 3015.031 3146.218 3280.250 3338.593 3388.000 3423.593 3726.156 
-1992.813 -1853.657 -1735.125 -1527.719 -1405.157 -1211.032 -662.438 -640.563 -619.688 -435.313 -319.625 -159.313 -8.594 -7.344 -5.719 141.687 164.625 540.281 655.437 692.750 715.656 727.187 732.781 888.593 915.812 968.812 997.656 998.125 1014.937 1048.343 1127.750 1152.156 1201.781 1208.187 1236.687 1348.625 1511.781 1524.125 1534.687 1583.625 1721.031 1747.125 1864.250 1903.250 1956.468 2000.281 2056.781 2118.125 2151.531 2156.406 2345.312 2716.687 2799.406 2840.156 2867.562 2893.000 3080.093 3156.593 3200.812 3236.250 3371.437 3457.562 3564.500 3565.843 3676.375 3764.156 3787.531 3873.593 
-1767.063 -1673.813 -1612.813 -1557.344 -1442.344 -1366.750 -1298.969 -1164.094 -1060.688 -685.157 -633.750 -371.250 -274.438 -273.594 76.312 142.125 159.218 233.281 415.531 443.406 520.500 545.468 626.375 728.000 915.687 942.062 962.843 999.875 1042.625 1100.687 1208.937 1221.750 1283.937 1349.750 1358.812 1393.093 1412.125 1436.031 1479.843 1499.531 1523.312 1556.406 1599.406 1645.187 1795.937 1863.156 1887.562 1956.406 1983.562 1998.843 2126.281 2225.812 2297.875 2304.812 2308.656 2313.375 2329.062 2343.437 2346.750 2392.031 2842.625 2922.000 3180.093 3332.562 3441.531 3589.562 3657.000 3824.625 3897.312 3930.656 3967.062 
-1744.000 -1698.969 -1661.157 -1210.969 -1122.813 -1061.375 -933.719 -930.032 -854.500 -509.563 -337.157 -306.375 -180.938 85.625 108.781 129.000 148.437 233.468 249.843 377.437 383.531 565.281 623.531 730.437 777.500 914.937 934.000 961.781 967.968 988.843 1128.218 1139.062 1160.750 1321.281 1437.968 1473.000 1524.156 1545.218 1583.281 1831.031 1920.625 1957.062 2195.625 2203.343 2285.750 2320.843 2346.625 2375.968 2710.437 2729.062 3187.250 3277.250 3542.562 3642.468 3670.500 3694.281 3806.125 3825.343 
-1851.625 -1490.875 -1440.625 -1418.625 -1228.313 -1091.688 -1058.438 -1002.438 -926.438 -613.907 -386.000 -347.719 -232.125 -167.813 -112.719 119.593 230.375 237.281 288.093 315.875 398.906 399.281 527.937 541.656 590.375 603.343 813.000 821.718 829.406 868.656 914.000 957.906 960.375 1037.375 1096.718 1115.406 1152.875 1320.937 1414.406 1576.437 1678.875 1775.343 1964.906 2056.593 2069.187 2080.500 2108.062 2168.750 2189.312 2296.468 2314.781 2342.781 2484.781 2586.062 2695.468 3525.218 3941.875 
-1661.657 -1644.313 -1329.844 -1149.188 -1122.282 -1065.313 -1037.282 -463.344 -378.938 -159.157 -155.219 105.312 160.937 257.000 293.156 399.406 400.687 546.093 595.531 667.468 723.437 728.375 730.625 859.625 981.312 1098.781 1115.687 1199.968 1553.406 1593.187 1754.218 1962.812 1976.687 1983.000 2053.937 2072.531 2161.531 2223.250 2228.375 2285.343 2305.093 2338.218 2450.218 2748.250 2808.156 2943.562 3142.843 3402.937 3486.937 3543.156 3556.562 3619.781 3626.156 3884.375 3976.437 
-1903.375 -1791.688 -1186.844 -762.907 -670.938 -627.438 -511.375 -350.563 -313.282 273.906 296.250 348.718 381.312 434.906 466.281 745.218 762.250 771.125 819.031 860.625 904.375 1162.093 1220.781 1266.968 1301.281 1395.156 1532.875 1577.906 1581.906 1887.187 1903.687 2003.593 2132.875 2141.187 2155.156 2297.062 2595.968 3074.875 3099.593 3114.343 3427.062 3450.500 3534.062 3536.437 3594.500 
-1728.625 -1563.344 -1534.125 -1219.188 -1121.125 -702.250 -640.875 -568.907 37.750 107.343 197.468 312.468 323.281 347.750 368.062 422.968 483.625 554.625 643.968 728.375 730.875 982.687 997.625 1096.937 1147.156 1244.812 1264.156 1274.031 1391.437 1405.343 1413.437 1456.531 1513.281 1592.031 1658.656 1663.781 1767.125 1903.468 1923.343 1955.875 1983.031 2055.625 2125.000 2244.156 2284.625 2336.312 2344.281 2363.406 2663.125 3184.281 3216.500 3289.125 3446.875 3562.843 3826.187 3951.218 3963.625 
