-1623.625 -1560.063 -1316.625 -1262.282 -876.250 -776.094 -733.813 -405.313 116.250 129.656 141.000 301.875 331.437 379.093 544.968 623.625 795.562 865.718 877.062 954.218 1009.281 1027.656 1056.843 1065.781 1131.125 1166.000 1179.750 1226.937 1266.843 1273.156 1351.812 1362.031 1428.968 1432.187 1448.812 1453.312 1628.343 1711.125 1740.500 1788.687 1856.218 1905.500 1918.906 1929.125 1956.562 1989.562 2047.312 3150.218 3253.406 3539.468 3715.812 3859.125 
-1762.063 -1730.250 -1456.625 -1192.000 -1188.438 -1139.219 -1108.313 -1011.282 -987.938 -916.469 -892.282 -861.469 -427.782 -132.875 -73.875 83.500 129.343 132.937 343.281 353.718 361.468 514.281 548.375 593.281 670.062 680.937 686.906 817.625 831.187 1021.218 1043.656 1162.718 1174.562 1189.437 1198.812 1203.906 1205.906 1216.156 1331.281 1360.593 1438.187 1446.687 1449.187 1469.375 1486.781 1594.406 1683.500 1760.968 1770.625 1785.937 1853.593 1889.625 1896.187 1937.468 1939.531 1980.781 1987.531 1994.562 2010.750 2076.531 2087.562 2156.968 2184.093 2203.312 2260.875 3259.656 3296.906 3320.687 3650.031 3720.000 3822.937 3879.937 
-1958.407 -1706.907 -1499.813 -1425.157 -1209.032 -1148.000 -1088.375 -928.844 -887.907 -842.282 -769.594 -8.657 34.937 54.937 86.781 107.125 116.875 129.468 141.000 157.687 251.250 324.375 456.343 504.531 535.531 587.812 616.687 645.218 791.093 850.875 1048.156 1055.468 1150.937 1177.093 1278.031 1286.031 1299.562 1456.437 1478.062 1478.687 1587.906 1752.250 1781.843 1893.937 1930.250 2001.968 2009.000 2024.156 2068.156 2086.906 2099.437 2146.812 2152.781 2157.093 2187.781 2200.375 2490.656 2790.437 3068.406 3776.375 3796.406 3906.531 
-1694.500 -1670.938 -1498.157 -1321.719 -1304.094 -1124.282 -598.407 -487.969 -97.969 96.687 144.093 153.687 162.968 207.750 213.843 300.468 327.906 367.843 378.593 426.656 455.656 502.156 661.375 714.687 840.343 844.437 859.937 940.281 943.718 1040.593 1118.531 1202.437 1204.875 1205.625 1219.187 1238.687 1295.625 1363.656 1376.593 1432.218 1436.843 1461.750 1472.156 1593.937 1676.375 1684.000 1691.375 1714.656 1737.937 1743.937 1755.875 1879.250 1919.687 1926.406 1944.437 1987.468 2021.687 2045.062 2095.437 2098.312 2197.593 2226.312 2299.968 2305.281 2555.375 2700.562 2821.656 3026.406 3287.906 3359.750 3399.500 3629.000 
-1744.875 -1497.438 -1408.875 -1341.532 -1274.500 -818.094 -700.782 -596.938 -591.969 -546.094 -524.875 -517.532 -513.219 -509.188 -419.188 -51.469 -13.219 8.500 87.687 98.750 132.000 152.406 160.906 323.968 342.468 414.937 492.250 681.781 794.968 853.562 954.937 981.312 1030.781 1042.968 1047.750 1135.937 1157.000 1225.906 1248.500 1254.187 1264.718 1285.906 1315.125 1331.000 1368.437 1381.468 1422.468 1436.125 1471.937 1478.937 1533.687 1552.281 1578.687 1608.093 1785.625 1809.937 1852.187 1884.531 1921.656 1927.031 1984.875 1992.468 1998.593 2002.906 2011.781 2021.468 2040.187 2048.031 2048.843 2090.218 2162.000 2181.281 2201.437 2474.093 2556.812 2630.312 2760.250 3439.812 3676.625 3708.687 3736.812 3780.937 3853.968 3880.718 
-1964.563 -1845.032 -1820.813 -1664.125 -1503.344 -1468.907 -1198.313 -1071.719 -1037.188 -868.657 -697.907 -615.657 -194.688 -145.032 -127.969 111.750 141.750 157.906 257.250 345.937 421.625 454.843 533.218 615.500 668.562 681.343 699.031 732.281 874.000 1016.250 1027.531 1040.843 1147.125 1183.250 1202.218 1218.375 1245.718 1266.062 1291.875 1311.781 1314.500 1328.812 1380.562 1391.656 1427.500 1461.687 1488.562 1578.375 1605.875 1610.968 1678.937 1884.843 1910.843 1928.218 1962.500 2018.656 2051.031 2084.843 2105.937 2147.406 2158.562 2178.156 2205.968 2449.187 2512.531 2545.125 2890.000 3139.781 3192.218 3227.468 3403.156 3498.312 
-1959.219 -1839.907 -1715.157 -1688.282 -1670.438 -1600.344 -1551.500 -1474.969 -1146.438 -1059.313 -682.282 -632.469 -550.875 -472.844 -298.844 -181.875 -69.907 140.062 209.937 321.500 346.687 496.562 507.156 531.687 639.218 676.625 733.156 840.656 886.031 943.187 970.718 1004.125 1020.031 1048.875 1056.218 1078.218 1089.781 1157.312 1177.125 1205.718 1217.500 1220.593 1260.687 1374.656 1427.312 1450.500 1683.125 1701.312 1750.281 1794.656 1856.781 1926.687 1950.375 1953.687 1960.656 1966.375 1983.468 1999.937 2026.250 2088.093 2107.843 2146.656 2183.937 2212.656 2893.187 2904.906 2938.843 3146.062 3398.500 3563.781 3581.187 3944.218 
-1858.688 -1571.844 -1542.313 -1313.813 -1283.813 -1228.657 -1192.844 -883.344 -570.907 -382.813 -317.407 -273.313 -244.157 -201.469 72.406 99.156 107.375 139.906 145.281 149.125 347.625 357.343 386.250 395.656 439.937 499.500 700.093 709.875 860.968 1016.500 1027.562 1056.718 1065.687 1148.937 1155.687 1179.625 1222.093 1273.500 1279.687 1292.531 1332.781 1350.781 1377.968 1427.468 1439.875 1494.156 1576.843 1751.031 1773.750 1787.437 1856.562 1886.937 1925.593 1929.406 2006.281 2022.750 2077.250 2084.062 2109.156 2166.968 2187.406 2217.218 2217.843 2309.562 2338.406 2733.281 2767.812 3248.937 3973.281 
-1960.032 -1896.719 -1841.688 -1546.000 -1480.219 -566.094 -451.188 -440.438 -390.532 -175.500 -165.657 71.937 106.562 469.843 496.281 526.656 546.156 630.812 707.906 739.468 878.031 944.468 1015.312 1029.625 1119.406 1125.093 1155.812 1169.062 1196.093 1226.531 1333.656 1341.343 1348.156 1378.843 1445.843 1466.625 1604.968 1610.031 1728.875 1928.906 1980.843 1990.281 2017.031 2071.250 2076.281 2103.093 2108.187 2188.062 2433.906 2562.625 3124.593 3258.062 3351.562 3649.031 3862.562 
-1996.032 -1919.844 -1856.782 -1657.219 -1246.094 -1227.907 -1148.969 -1133.000 -825.594 -777.657 -574.375 -483.344 -271.250 160.781 207.156 239.437 246.875 278.656 379.000 442.468 517.812 528.437 703.187 718.812 735.468 802.875 848.281 873.656 939.000 954.531 1003.156 1049.500 1073.593 1117.343 1129.718 1192.500 1227.593 1353.625 1428.750 1437.250 1702.500 1714.218 1760.468 1861.781 1895.281 1920.093 1926.093 1928.656 1988.156 2029.250 2049.218 2171.562 2199.593 2606.625 2808.468 2878.281 2952.593 3179.250 3362.031 3394.500 3512.281 3827.843 3968.625 
-1313.563 -1232.344 -1074.813 -914.532 -527.719 -382.032 -297.844 -186.625 159.343 323.593 328.718 668.812 688.406 720.125 723.812 817.437 838.843 861.406 889.031 1165.375 1193.312 1416.656 1438.625 1595.187 1595.593 1656.125 1743.531 1872.156 1914.781 1952.625 1961.812 2022.781 2065.625 2088.406 2102.500 2205.500 2221.843 2499.000 2545.843 3229.718 3290.125 3448.937 3584.656 3646.437 3689.468 3754.375 3811.500 3966.593 
-1810.125 -1763.157 -1656.157 -1465.688 -1390.032 -810.938 -527.625 -507.094 -423.875 -418.782 -109.688 1.968 71.843 106.718 159.062 165.468 212.875 287.968 504.562 521.812 697.562 706.531 800.687 856.093 873.812 978.062 1001.812 1009.187 1045.250 1156.968 1161.593 1258.625 1268.125 1287.968 1342.687 1379.062 1439.218 1478.031 1504.562 1602.562 1687.218 1730.406 1778.625 1878.250 1914.718 1950.187 1953.875 2038.250 2120.031 2170.562 2178.000 2187.625 2220.406 2450.812 2636.968 2712.000 2988.906 3015.000 3541.625 3787.531 3897.437 
-1994.938 -1853.594 -1671.375 -1554.469 -914.594 -885.844 -849.157 -815.750 -600.375 -501.344 -471.313 -316.875 248.343 344.906 665.000 733.125 742.312 856.156 925.312 937.718 1006.500 1020.843 1029.812 1159.406 1204.625 1227.125 1261.593 1314.687 1579.281 1595.187 1677.656 1853.250 2164.031 2186.937 2405.218 2421.812 2504.062 2534.312 3032.937 3054.125 3059.406 3719.125 3821.343 
-1970.094 -1961.844 -1421.282 -1334.500 -1330.844 -1186.594 -498.500 -246.969 -243.657 -216.750 -187.157 -159.500 954.968 1110.718 1126.718 1194.562 1205.343 1394.218 1432.750 1576.500 1583.375 1584.062 1658.375 1695.062 1733.843 1852.875 1899.875 1928.937 1959.906 1971.062 1992.531 2032.968 2047.750 2087.406 2096.625 2683.500 3002.875 3052.718 3188.687 3238.468 3490.312 3627.500 3644.125 
