-1907.625 -1799.250 -1763.532 -1674.719 -1648.688 -1435.500 -1344.438 -1203.094 -1064.907 -718.719 -587.438 -126.032 -66.000 44.531 118.843 196.625 207.718 251.187 259.562 274.187 297.812 663.968 737.562 752.218 786.156 819.093 824.468 830.750 852.718 904.187 934.062 947.937 1008.156 1029.281 1038.500 1045.218 1048.125 1093.250 1138.593 1140.843 1266.843 1401.406 1423.125 1525.093 1619.375 1630.218 1640.000 1661.656 1667.406 1687.718 1718.718 1760.250 1794.531 1891.312 2117.750 2478.093 2727.531 3319.687 3494.125 3533.062 3540.281 3650.281 3873.531 3997.062 
-1817.500 -1769.250 -1347.875 -1197.188 -969.719 -865.125 -756.844 -557.969 -464.469 -297.469 -253.657 -190.750 46.093 116.781 152.468 232.968 272.843 313.562 352.000 356.250 489.218 538.218 581.375 754.000 776.437 800.968 816.625 834.718 979.375 1001.531 1058.187 1084.312 1117.562 1162.187 1252.218 1319.062 1328.656 1389.281 1398.625 1441.906 1475.156 1530.093 1559.031 1660.593 1728.687 1851.250 2301.000 2342.375 2478.875 2636.125 2741.968 2794.281 2938.656 2979.687 3377.656 3590.875 
-1485.438 -1214.125 -750.719 -700.313 -641.500 -613.813 -507.813 -497.375 -412.032 -366.438 15.906 41.312 53.031 77.312 176.906 222.625 248.031 262.500 279.937 288.968 516.375 538.843 555.343 614.562 721.062 796.750 816.531 842.250 844.812 906.062 947.562 1059.156 1093.187 1112.718 1250.281 1343.375 1371.843 1389.031 1422.187 1474.500 1526.937 1538.718 1547.906 1578.750 1615.812 1663.125 1696.625 1705.062 1709.593 1854.562 1905.000 1949.593 2743.250 2869.562 3255.031 3345.093 3388.843 3705.562 
-1820.125 -1656.938 -1490.032 -1352.594 -1286.282 -935.125 -893.969 -781.719 -747.188 -643.000 -526.969 -525.969 -435.282 -369.032 -258.719 -230.907 -199.938 0.500 15.812 31.437 41.562 75.250 86.750 173.656 232.468 248.562 256.093 270.375 272.968 289.812 318.187 363.875 399.000 463.718 520.375 527.062 538.218 555.781 639.250 644.500 690.687 752.375 805.781 833.031 843.437 846.125 970.875 976.062 984.343 992.843 1006.406 1024.125 1039.156 1047.500 1082.218 1115.875 1250.562 1271.562 1330.750 1359.593 1368.093 1435.031 1480.656 1563.718 1586.250 1602.593 1639.531 1689.531 1690.000 1706.468 1739.500 1793.906 1844.062 1855.812 1906.843 2130.218 2208.812 2308.468 2402.750 2632.312 2889.593 3263.437 3686.968 3825.437 3859.531 3890.218 3906.687 
-1856.750 -1754.407 -1722.875 -1460.188 -898.282 -659.344 -304.907 -2.907 7.031 67.093 77.625 136.750 172.593 219.531 255.312 335.125 352.937 482.375 540.218 563.156 755.031 778.843 804.000 823.187 835.531 905.375 928.843 974.968 1008.093 1026.500 1072.437 1093.812 1110.750 1112.625 1138.718 1156.937 1176.468 1263.531 1319.375 1357.656 1366.968 1379.093 1405.906 1422.312 1536.625 1590.656 1610.312 1619.250 1622.906 1630.500 1649.593 1833.343 1853.875 1938.187 2003.687 2008.750 2089.531 2156.500 2629.656 2795.562 2940.375 2976.718 3373.093 3402.656 3429.562 3665.625 3720.218 3797.625 3872.000 
-1874.063 -1799.500 -1778.688 -1649.938 -1398.500 -1358.063 -1221.813 -949.969 -897.063 -766.344 -682.750 -617.782 -603.532 -519.813 -466.844 -303.188 -175.469 -16.750 26.218 120.000 138.218 182.625 199.375 246.656 273.468 282.531 349.687 350.187 377.593 500.343 535.406 545.187 553.000 602.843 782.500 805.468 816.843 823.125 843.500 857.437 905.750 916.375 932.750 990.156 1032.843 1045.875 1058.750 1125.968 1156.125 1373.062 1406.968 1422.312 1428.625 1474.906 1520.468 1548.406 1740.125 1758.843 2059.968 2222.937 2406.218 2717.656 2781.500 2906.031 2965.250 3212.031 3236.125 3249.625 3315.718 3356.625 3403.406 3558.843 3767.718 3795.125 3833.343 
-1975.938 -1559.844 -1468.250 -1368.969 -1264.282 -1239.188 -1019.250 -676.125 -618.125 -559.782 -477.282 -292.750 -272.032 -176.532 -134.438 -69.000 0.125 44.562 135.593 161.906 183.031 198.437 453.843 489.687 503.312 515.156 556.000 612.906 623.531 730.968 777.531 840.750 893.000 945.625 949.093 968.656 1022.156 1152.781 1156.281 1262.625 1311.187 1334.906 1359.031 1368.812 1390.093 1401.406 1417.812 1422.281 1508.125 1517.906 1523.000 1558.468 1619.781 1649.281 1670.000 1698.406 1719.968 1728.343 1760.187 1798.281 1813.062 2042.500 2139.125 2408.375 2691.437 2794.531 3373.937 3432.250 3488.718 3573.406 3744.937 3752.250 3923.156 
-1699.250 -1538.938 -1501.157 -1037.532 -863.938 -579.282 -548.313 -498.938 -393.094 -329.219 -285.157 -26.000 -10.625 57.250 68.218 142.937 145.031 148.531 174.031 224.562 334.906 351.968 401.687 640.187 648.281 664.687 775.250 824.187 891.968 896.281 900.156 956.687 1003.687 1008.781 1023.875 1041.093 1057.031 1063.875 1175.625 1176.406 1328.687 1331.625 1480.562 1518.125 1547.343 1557.125 1585.125 1600.093 1618.156 1621.218 1686.937 1689.375 1702.281 1712.968 1728.906 1856.187 2074.406 2856.125 2987.531 3014.562 3076.187 3101.687 3597.750 3778.875 3993.906 
-1947.344 -1888.250 -1871.469 -1764.000 -846.844 -808.938 -713.438 -628.282 -613.750 -117.375 86.500 223.375 283.375 313.281 349.625 369.281 435.062 461.343 639.562 736.281 745.031 752.781 804.281 823.312 967.625 979.812 995.750 1007.750 1013.281 1021.312 1074.937 1095.937 1111.468 1128.656 1129.562 1151.718 1190.843 1235.937 1262.156 1328.218 1361.468 1382.843 1389.031 1398.125 1406.218 1479.187 1494.187 1518.875 1536.000 1563.343 1602.750 1662.718 1690.593 1696.656 1743.812 1904.437 2871.093 3028.656 3228.031 3458.656 3536.437 3800.468 
-1382.188 -1118.969 -1063.250 -792.094 -228.282 -118.688 -43.188 138.125 158.593 231.531 275.562 299.843 354.093 413.187 450.250 591.875 608.500 738.937 755.531 814.687 830.656 897.093 905.250 947.750 973.343 987.562 1059.156 1072.187 1082.281 1093.156 1102.218 1111.500 1144.718 1316.656 1330.500 1388.312 1397.937 1437.718 1498.750 1526.781 1558.031 1564.062 1580.656 1601.031 1609.812 1638.125 1676.906 1725.343 1815.406 1854.531 2133.875 2168.437 3005.687 3158.562 3829.843 3838.687 
-1970.938 -1842.844 -1749.313 -1638.282 -1324.844 -986.063 -898.563 -803.532 -796.188 -593.407 -138.532 -72.063 2.187 148.812 244.750 302.062 452.500 542.218 894.593 935.312 966.187 971.562 977.687 1000.968 1095.187 1103.531 1112.437 1116.937 1152.281 1156.593 1251.625 1416.656 1421.156 1477.312 1493.687 1546.656 1619.093 1627.906 1656.156 1674.500 1698.906 1727.562 1750.343 2568.000 2604.843 3077.437 3104.531 3136.156 3210.156 3431.468 3650.937 3754.843 3900.687 
-1969.313 -1833.750 -1738.750 -1695.657 -1545.625 -1039.969 -978.188 -934.563 -781.625 -73.000 -33.032 95.093 178.968 187.093 387.562 665.750 689.812 718.218 727.343 737.312 787.718 805.531 837.468 841.312 845.531 904.406 968.468 1003.750 1042.281 1044.750 1108.531 1120.468 1156.031 1194.218 1303.343 1428.937 1554.687 1583.218 1613.218 1628.062 1756.312 1859.156 2138.531 2305.500 2338.031 2344.468 2375.437 2637.812 2682.031 2744.125 3076.062 3924.656 
-1822.407 -1578.375 -1533.782 -1531.344 -1469.844 -1424.188 -730.782 -93.594 219.000 244.937 252.781 259.343 266.000 268.375 274.156 298.062 334.968 338.218 384.937 403.375 508.812 562.562 639.687 694.093 839.437 894.656 897.625 916.000 944.875 1008.000 1059.531 1068.906 1358.843 1401.406 1523.437 1526.875 1558.656 1564.531 1566.000 1582.312 1618.593 1686.687 1694.781 1719.843 2235.656 2327.531 2809.000 3318.781 3404.156 
-1553.063 -1104.875 -1101.750 -1034.000 -1026.719 -697.750 -388.282 -321.563 -261.969 -94.563 19.125 145.187 178.031 221.125 272.937 298.593 413.875 609.343 700.812 804.218 811.250 829.562 862.156 944.812 947.843 981.562 987.968 1013.656 1027.031 1058.843 1070.406 1138.218 1190.500 1263.531 1331.406 1527.468 1547.031 1560.562 1617.437 1627.656 1629.437 1637.750 1670.187 1688.218 1697.406 2315.656 2347.531 2526.781 2564.156 2866.875 3026.906 3083.812 3287.093 3744.781 3952.218 
