-1590.719 -1376.657 -989.250 -596.344 -490.000 20.687 102.625 105.093 110.031 116.843 186.281 268.968 296.937 404.875 424.062 445.406 546.843 607.781 746.593 765.906 798.312 808.906 853.312 859.812 998.562 1013.781 1052.062 1131.687 1247.468 1252.500 1269.937 1276.656 1293.781 1301.031 1353.343 1360.593 1820.312 2322.406 2389.718 2726.187 2763.156 2909.250 2943.531 3169.906 3190.468 3210.093 3430.406 3608.750 3710.000 3832.468 3921.250 3971.781 
-1912.907 -1708.032 -1475.969 -1453.375 -1442.813 -1269.063 -1069.938 -834.750 -797.938 -779.532 -553.094 -493.125 -474.938 -278.907 -129.282 -107.438 87.750 128.187 252.968 274.781 296.500 456.687 471.562 603.750 613.125 737.156 746.625 755.781 761.687 777.312 797.187 820.843 824.906 882.156 1013.218 1020.500 1027.406 1080.187 1135.062 1140.593 1236.718 1275.625 1304.281 1319.781 1382.531 1646.843 1720.812 1972.250 2167.750 2219.156 2223.125 2274.875 2314.375 2353.562 2575.031 3020.250 3106.687 3520.031 3552.843 3806.937 3829.812 3929.656 
-1997.500 -1553.032 -1536.625 -782.875 -766.875 -531.657 -261.907 -157.094 -48.500 33.062 116.781 249.562 280.687 373.468 548.750 577.593 628.437 650.843 744.468 747.781 819.781 1235.125 1248.812 1253.500 1352.093 1629.656 2043.562 2115.531 2565.875 2600.218 2954.718 3232.312 3415.250 3510.937 3536.125 3952.781 
-1993.688 -1966.844 -1884.094 -1786.875 -1758.000 -1732.750 -1603.532 -1534.657 -1176.594 -1039.438 -1022.719 -733.907 -667.375 -347.625 67.187 79.531 119.156 164.906 282.156 295.125 304.906 410.906 424.968 433.093 586.062 742.187 769.000 856.906 999.093 1031.687 1072.812 1078.250 1079.250 1128.781 1196.250 1198.687 1220.218 1242.093 1249.281 1277.000 1338.656 1359.750 1510.437 1767.437 1860.375 2128.625 2149.187 2226.812 2393.750 2502.906 2686.562 2735.593 2816.718 3020.281 3061.093 3298.125 3683.687 3862.531 
-1975.407 -1922.469 -1678.907 -1621.282 -1574.813 -1534.532 -1229.594 -1085.438 -955.094 -834.907 -579.563 -482.532 -443.969 -414.000 20.437 43.000 83.593 132.875 170.312 409.656 469.625 595.000 598.750 769.718 777.343 785.968 794.406 814.750 821.843 824.750 859.125 867.562 881.093 1008.375 1025.125 1053.437 1112.187 1131.093 1137.562 1219.875 1229.437 1260.531 1293.812 1340.375 1519.156 1646.843 1697.218 1796.500 2146.718 2206.406 2322.906 2334.843 2571.906 3016.406 3169.375 3353.406 3403.593 3499.312 3552.187 3634.312 3802.593 3897.031 
-1848.219 -1714.625 -1275.907 -1042.844 -776.469 -720.469 -486.157 -250.157 -137.907 116.625 130.187 294.375 299.906 302.843 307.468 430.468 466.250 599.750 607.468 612.343 740.625 756.156 759.187 779.062 807.281 859.125 871.218 882.812 939.843 1003.312 1023.531 1067.781 1078.812 1140.718 1221.968 1239.781 1262.531 1284.218 1290.750 1325.093 1644.781 2054.281 2200.562 2204.625 2495.843 2623.687 2709.593 2733.281 2790.718 2842.812 3211.156 3309.937 3432.468 3873.812 
-1899.782 -1811.625 -1570.907 -1238.844 -1118.782 -1116.313 -988.813 -574.157 -523.344 -489.532 -246.907 -205.219 -46.000 -9.719 41.562 105.281 128.000 220.156 263.281 287.406 295.718 443.468 460.562 576.687 596.625 608.062 740.687 755.218 787.656 816.687 819.812 821.875 850.218 1000.781 1008.343 1075.531 1222.406 1261.156 1278.687 1350.218 1359.062 1371.000 1494.875 1567.312 1581.062 1589.125 1594.031 1797.750 2156.593 2201.312 2369.468 2481.125 2526.187 2750.500 2776.218 2974.187 3066.562 3128.062 3377.000 3452.218 3467.312 3543.125 3739.656 3772.562 3883.218 
-1891.094 -1825.782 -1769.782 -1266.719 -1204.407 -1158.875 -1123.532 -1085.844 -1079.657 -966.407 -351.875 -280.688 -255.907 53.093 126.468 193.375 269.718 279.312 287.562 310.875 343.343 368.625 529.875 536.906 576.375 588.625 679.625 737.468 758.906 774.906 863.500 1027.125 1048.593 1075.343 1085.937 1113.781 1131.562 1168.781 1243.968 1253.250 1294.031 1324.781 1350.218 1821.593 1860.375 2021.531 2030.562 2098.718 2188.281 2570.093 2618.843 2660.968 2737.000 3113.968 3134.906 3198.906 3260.625 3351.906 3451.781 3453.937 3487.625 3591.812 3844.343 3850.875 
-1921.532 -1876.250 -1855.594 -1754.344 -981.344 -955.719 -500.813 -347.313 20.843 51.937 96.937 189.593 249.937 275.125 295.187 435.562 762.812 808.750 836.625 980.062 1018.531 1035.656 1085.156 1280.343 1283.562 1286.593 1329.937 1472.531 1861.812 1910.906 1968.312 1984.156 2178.750 2219.031 2251.093 2265.562 2300.906 2326.625 2385.187 2452.031 2541.281 2599.406 2775.281 2816.406 2899.531 2960.937 2978.593 3027.625 3215.250 3302.875 3445.156 3455.718 3555.781 3610.406 3697.781 3718.468 
-1759.250 -1681.844 -1679.188 -1467.844 -1408.469 -1329.875 -1270.188 -1228.782 -1030.032 -557.625 -308.688 -242.219 -204.969 -26.813 2.062 53.562 107.093 121.531 286.250 413.000 448.625 547.656 717.187 739.843 747.125 791.562 796.062 824.093 836.187 863.062 879.312 892.812 902.906 975.593 1001.562 1006.750 1070.125 1078.625 1220.031 1235.093 1262.406 1269.218 1295.500 1342.062 1375.656 1583.312 1711.656 1828.000 1922.500 1952.156 2216.218 2278.875 2452.750 2523.093 2894.250 3015.875 3041.500 3388.281 3585.093 3589.312 3632.906 3671.687 3672.437 3722.031 3813.281 
-1994.313 -1961.000 -1587.282 -1561.813 -1178.750 -536.063 22.531 39.343 68.125 92.687 101.812 166.562 189.062 269.718 295.687 303.843 309.562 369.093 450.125 470.437 580.312 633.625 689.718 732.156 766.093 826.187 1227.843 1247.031 1260.750 1278.093 1326.468 1647.218 2058.000 2254.968 2336.593 2393.500 2673.343 2853.750 3019.906 3048.156 3153.437 3428.625 3520.250 3522.406 3546.531 3646.343 
-1381.000 -1347.375 -1200.407 -1133.688 -914.344 -823.469 -498.813 -199.719 -168.813 -29.938 130.750 159.437 292.500 304.843 576.250 597.406 625.312 807.468 809.000 860.625 964.218 1000.343 1055.656 1079.687 1103.562 1132.125 1221.718 1230.937 1275.437 1325.781 1608.468 1844.375 1879.812 2049.437 2135.375 2203.250 2300.062 2349.906 2509.656 2516.343 2555.781 2670.281 3161.093 3341.843 3369.750 3424.656 3460.125 3916.531 3965.781 
-1953.250 -1650.157 -1631.844 -841.813 -625.282 -508.282 -248.844 -12.969 180.281 269.187 281.875 414.875 559.031 770.781 848.187 898.281 942.593 1026.375 1080.125 1159.812 1307.937 1373.781 1747.718 1985.218 2223.593 2299.000 2448.343 2545.312 2546.843 2715.250 2783.343 2897.062 2961.562 3370.531 3432.312 
-1823.000 -1699.094 -1613.063 -1159.813 -1147.782 -1046.375 -342.719 -73.500 54.250 68.937 92.375 119.375 125.375 259.937 292.906 311.656 416.250 747.187 768.375 809.250 816.156 852.781 893.218 920.125 1002.031 1022.187 1036.687 1071.156 1220.093 1252.281 1297.593 1345.062 1715.875 1740.000 1770.062 1835.125 2035.875 2201.812 2376.406 2473.062 2634.687 3008.656 3547.781 
