-1869.000 -1790.500 -1671.032 -1472.469 -996.657 -989.532 -899.750 -474.125 -231.063 -191.094 86.187 160.250 177.656 212.750 225.843 238.156 323.656 368.843 381.531 393.718 465.343 501.531 597.375 601.531 614.812 790.468 837.562 863.562 892.625 908.718 1063.156 1068.156 1218.843 1242.468 1251.593 1424.656 1473.375 1491.031 1512.625 1519.281 1529.875 1560.093 1951.406 2189.468 2337.687 2506.031 2841.000 2872.531 2959.125 2998.000 3038.187 3217.875 3490.125 3509.343 3645.468 
-1884.469 -1074.938 -703.907 -604.938 -577.625 -462.719 -345.500 32.593 96.718 107.812 163.000 169.906 264.468 308.406 332.875 358.343 392.093 432.531 541.125 683.187 776.906 817.875 828.937 864.093 876.468 1241.281 1245.406 1346.125 1495.812 1507.968 1521.687 1582.062 1986.468 2002.625 2337.687 2529.093 2891.812 2957.437 3269.718 3418.343 3450.593 3565.156 3598.000 3755.937 3758.093 3832.000 3848.562 
-1917.688 -1779.407 -1540.719 -1450.094 -1357.782 -690.594 -576.969 -517.094 -483.938 -379.813 -345.688 -124.094 106.218 122.750 233.312 275.531 305.937 333.343 382.687 392.343 462.625 512.500 525.281 530.187 600.437 614.156 625.500 680.343 710.812 738.062 862.500 865.031 888.343 899.343 1048.437 1275.843 1416.562 1456.093 1469.812 1512.781 1525.375 1532.531 1543.031 1559.468 1566.000 1660.250 2141.625 2609.468 2900.281 3037.593 3066.250 3182.156 3408.281 3432.906 3509.531 3520.687 3532.875 3630.937 
-1626.375 -1536.375 -1313.094 -1202.094 -1030.500 -660.032 -613.219 -535.032 -306.063 -260.407 -166.844 -37.407 8.531 105.062 120.500 158.000 169.718 181.343 213.781 229.062 231.937 321.312 332.531 339.906 364.406 497.437 545.531 623.906 631.531 638.562 724.875 767.718 790.625 802.812 814.562 843.500 853.218 865.343 876.750 888.656 910.906 914.250 1053.718 1117.250 1159.843 1216.875 1316.093 1321.843 1440.062 1461.750 1493.812 1524.343 1543.781 1603.250 2065.281 2391.093 2409.593 2543.031 2667.500 2827.656 2832.500 3143.750 3421.750 3474.531 3519.281 3656.437 3687.750 3709.718 3869.781 3942.875 
-1912.688 -1885.782 -1872.313 -1847.813 -1823.125 -1700.469 -1540.875 -1299.844 -1159.125 -1133.344 -1069.969 -941.125 -736.844 -714.094 -683.750 -598.250 -504.657 -242.813 -5.063 50.125 171.281 256.562 263.687 432.968 512.500 520.843 525.156 544.468 606.656 628.875 725.375 736.500 890.937 912.250 957.531 1032.187 1058.343 1063.625 1109.406 1141.656 1220.062 1249.500 1272.312 1325.562 1337.625 1414.437 1449.687 1460.875 1469.468 1482.531 1505.718 1533.906 1559.500 1582.125 1589.468 1603.531 1609.937 1642.500 1884.812 2199.062 2320.031 2379.625 2469.750 2654.375 3191.437 3237.437 3275.593 3292.125 3382.531 3466.500 3615.656 3658.468 3982.843 
-1871.157 -1689.625 -1616.032 -1555.844 -1493.407 -689.282 -443.875 -373.188 -312.782 -214.875 46.500 51.750 94.437 108.843 205.468 243.593 318.531 483.562 499.937 515.468 521.250 550.218 551.906 565.812 642.750 680.531 709.250 755.937 763.375 768.968 775.625 812.812 839.000 913.281 1156.218 1264.125 1337.125 1359.625 1382.375 1409.437 1491.750 1493.656 1502.437 1520.500 1525.281 1575.468 1592.843 1633.500 2001.125 2185.531 2370.812 2416.125 2516.937 2598.781 2635.437 2710.062 2728.281 2733.968 2778.000 2802.875 2840.843 2869.500 3697.625 3751.593 
-1942.750 -1630.688 -1495.688 -1286.219 -1169.563 -1129.188 -1118.219 -831.938 -702.938 -662.688 -637.657 -616.500 -571.282 -535.219 -337.157 154.062 171.875 216.656 246.062 313.687 339.812 431.250 512.656 520.218 530.031 541.312 556.375 560.531 601.656 626.375 681.937 736.843 746.687 786.812 789.937 804.375 830.093 857.187 907.812 920.625 1004.937 1030.281 1103.718 1155.468 1170.156 1220.250 1230.343 1241.312 1262.125 1273.750 1294.031 1338.156 1343.437 1419.062 1470.906 1474.250 1513.375 1562.750 1604.281 1634.500 1887.062 2042.562 2246.531 2777.562 2826.593 2883.281 2906.062 3002.375 3020.156 3133.125 3743.875 3777.500 3862.437 3953.218 
-1873.000 -1780.469 -1699.188 -1130.688 -961.282 -922.500 -907.188 14.750 76.812 107.687 120.750 141.593 200.125 229.656 273.875 308.187 331.593 360.125 381.406 397.843 465.843 507.375 515.218 521.468 526.281 625.875 682.000 719.812 725.750 757.437 765.468 815.843 831.843 857.093 866.562 907.968 1064.500 1115.281 1248.875 1272.625 1331.781 1340.718 1348.312 1415.531 1462.468 1514.843 1590.250 1616.656 1633.343 1915.156 2137.750 2469.187 2580.312 2614.656 2729.750 2751.218 2752.031 2935.312 3156.968 3933.625 
-1686.719 -1598.750 -1595.969 -1357.375 -1261.282 -1161.313 -1023.625 -897.469 -385.532 63.218 65.343 158.343 218.281 299.375 332.531 490.593 515.000 521.000 632.718 722.781 812.562 859.218 912.593 983.093 1058.031 1083.156 1109.812 1353.187 1406.406 1415.593 1439.500 1449.250 1492.687 1723.625 2040.031 2124.593 2226.781 2458.156 2483.781 2508.468 2625.937 2726.812 3091.031 3097.875 3104.531 3108.062 3674.375 3738.187 3858.468 
-1837.344 -1824.563 -1627.594 -1616.344 -1594.000 -916.313 -688.719 -636.657 -571.000 -364.844 -352.907 -314.907 -140.219 -133.407 49.187 105.375 132.968 156.937 308.468 340.000 439.000 500.500 512.343 528.781 532.218 580.625 616.500 737.562 805.218 839.781 1108.375 1205.343 1240.718 1255.062 1337.062 1338.062 1449.750 1461.906 1481.781 1493.937 1529.156 1534.437 1542.031 1564.312 1593.062 1662.281 2132.031 2256.906 2395.625 2522.468 2556.718 3203.093 3263.406 3703.500 
-1586.125 -1564.157 -1551.750 -1506.438 -1429.094 -1259.063 -1144.563 -779.969 -744.969 -685.532 -275.344 -178.000 -105.875 120.843 175.187 213.437 260.406 383.406 499.531 501.062 530.593 532.875 574.937 614.906 640.000 720.312 734.375 759.125 779.687 783.156 803.093 822.875 913.531 1082.781 1112.968 1151.593 1240.156 1271.906 1322.343 1346.375 1363.625 1417.937 1493.375 1524.937 1607.156 1612.687 1722.968 1727.593 1829.656 2398.562 2429.531 2568.812 2610.000 2773.406 2848.312 2953.125 3356.000 3547.000 3796.437 3817.593 3827.593 3890.687 3995.468 
-1920.532 -1242.657 -1165.813 -1073.719 -963.813 -801.313 -720.375 -599.313 -351.782 -301.782 -8.000 41.468 64.093 89.812 106.468 154.250 176.093 214.062 445.343 497.812 531.562 553.187 614.468 616.750 743.843 751.031 758.781 790.593 801.250 814.062 846.687 884.906 907.281 1030.250 1063.937 1095.312 1117.812 1264.000 1406.125 1493.968 1573.468 1986.750 2530.218 2733.906 2855.937 3002.593 3041.343 3055.031 3177.250 3213.031 3490.468 3555.625 3638.125 3754.906 3941.000 3988.843 
-1688.532 -1537.532 -1207.032 -1138.844 -1067.625 -1023.782 -814.094 -715.438 -632.969 -430.000 -391.125 -274.782 39.187 78.343 89.281 92.031 141.343 171.031 219.531 253.968 271.031 385.343 508.531 515.906 531.968 542.187 596.656 699.437 736.843 803.250 829.906 836.312 882.000 904.031 908.687 941.187 1137.562 1158.093 1241.531 1337.562 1441.937 1491.968 1574.781 2030.250 2037.156 2065.843 2113.843 2757.843 2878.437 2940.656 3118.812 3152.812 3881.187 
-1822.688 -1713.500 -1596.469 -1433.688 -1352.907 -500.469 -385.032 -135.313 -125.688 20.375 231.468 370.468 446.500 530.500 597.812 632.593 672.906 720.218 722.593 748.531 766.718 769.625 823.906 863.125 881.750 1002.500 1079.343 1103.718 1243.656 1270.781 1342.468 1351.000 1431.062 1443.968 1468.500 1572.218 1581.406 1585.656 1630.937 1812.125 1865.468 1973.593 2019.750 2119.281 2203.781 2238.875 2923.343 2976.718 2993.125 3060.375 3914.437 3954.937 
