-1976.000 -1899.813 -1828.938 -1701.938 -1661.969 -1547.313 -1414.063 -1323.344 -1318.219 -847.907 -706.844 -411.188 -389.782 -336.625 -208.782 -130.938 48.375 59.250 183.468 326.281 429.875 440.125 465.812 559.468 685.906 692.968 718.937 735.062 737.593 781.531 791.781 882.593 940.781 970.750 993.250 1099.218 1146.218 1326.531 1604.062 1615.593 1619.687 1701.218 1743.531 1751.593 1789.437 2048.343 2363.500 2529.156 2734.906 2768.781 2788.687 2814.562 2960.656 3056.468 3625.343 3634.531 3785.343 3838.562 3874.875 3912.906 3934.500 
-1439.532 -1389.719 -1094.719 -873.000 -781.688 -595.688 -351.000 -235.938 41.000 135.843 200.500 210.687 311.250 327.000 516.906 536.718 544.687 558.500 577.750 713.937 747.500 760.312 775.312 878.468 925.218 931.718 978.093 1044.250 1055.843 1090.812 1111.093 1120.781 1129.062 1483.843 1530.937 1577.187 1767.312 1911.500 1948.843 1967.000 2987.906 3307.031 3543.687 3681.656 3716.812 
-1820.907 -1512.594 -1498.313 -1314.625 -1170.563 -1102.563 -880.250 73.375 79.781 94.375 139.406 154.781 263.000 273.781 305.468 458.625 461.593 464.625 576.687 649.437 686.968 735.468 768.281 772.937 790.312 856.125 878.093 935.218 981.781 1068.562 1089.750 1104.750 1118.593 1128.750 1278.250 1511.125 1532.781 1559.531 1615.125 1711.281 1802.500 1872.093 1891.750 1901.781 1914.437 1944.156 1968.156 1971.875 2053.156 2064.468 2310.593 2361.625 2464.937 2665.468 2986.000 3051.875 3070.843 3463.562 
-1976.094 -1842.344 -1537.688 -1489.969 -1199.750 -651.938 -166.219 -140.125 20.843 101.343 134.031 144.656 623.187 642.781 716.968 719.406 721.156 749.937 763.687 767.593 781.937 787.000 897.187 990.593 1026.718 1038.531 1121.343 1225.343 1350.781 1537.250 1560.437 1578.781 1592.281 1594.843 1808.218 1926.531 1937.906 1954.468 1967.656 1971.500 2027.562 2050.781 2065.281 2175.156 2596.375 2604.812 2676.968 2920.906 3210.718 3254.875 3287.812 3325.406 3667.906 3804.187 3836.468 3879.562 
-1917.094 -1418.094 -1254.969 -911.250 -339.407 -289.000 -224.844 -128.157 3.312 27.875 35.437 48.625 78.250 82.312 166.312 177.156 182.218 194.843 276.468 288.531 564.718 631.281 641.062 648.906 714.875 735.593 757.312 769.125 769.750 788.406 873.437 899.218 908.156 965.031 980.500 999.187 1041.500 1114.312 1143.093 1278.937 1397.406 1447.781 1464.968 1566.156 1595.843 1724.000 1869.468 1890.093 1928.875 1946.843 2033.562 2103.812 2140.093 2284.312 2556.781 2590.875 2675.843 2937.656 2973.468 3129.906 3163.406 3169.375 3219.281 3346.781 3661.968 3684.375 3740.250 3783.593 3922.750 3940.031 
-1980.407 -1678.688 -1577.938 -1544.688 -1459.282 -1294.750 -1239.344 -1024.594 -967.782 -936.500 -657.125 -445.532 -324.657 -176.563 5.156 28.187 47.093 60.093 267.031 280.156 302.656 306.218 419.156 575.968 625.343 630.343 643.156 690.156 920.625 965.968 1143.093 1145.687 1225.406 1267.687 1447.500 1507.156 1523.593 1539.156 1553.968 1557.500 1561.187 1610.906 1619.968 1701.125 1724.500 1802.218 1830.500 1912.937 2047.312 2056.343 2081.437 2089.281 2547.187 2732.500 2756.031 2827.281 2967.812 3296.062 3409.687 3512.750 3566.500 3641.031 3676.625 3736.531 3768.625 3805.843 3840.281 3921.031 
-1918.313 -1869.032 -1816.438 -1456.188 -1281.532 -1219.750 -1188.407 -989.500 -889.032 -866.938 -852.594 -771.125 -665.407 -643.782 -536.094 -502.532 -119.250 76.250 96.843 151.875 183.406 202.062 267.218 275.437 289.937 402.906 429.031 623.187 629.781 643.875 663.593 704.937 755.812 759.500 767.312 780.250 796.781 805.718 895.343 907.718 930.531 1089.125 1106.343 1130.718 1197.187 1329.906 1366.187 1449.281 1450.812 1537.593 1593.500 1595.937 1600.875 1606.375 1706.968 1734.718 1846.000 1860.343 1878.312 1939.687 1944.562 2196.437 2355.375 2398.312 2459.000 2608.781 2650.500 2728.312 2805.406 3089.750 3165.937 3222.781 3362.531 3645.906 3828.781 3860.281 3924.562 3930.218 3937.281 
-986.063 -943.625 -942.969 -860.063 -822.469 -781.813 -770.344 -459.500 -132.313 -37.875 22.406 29.812 82.625 91.281 162.843 183.718 231.500 330.406 390.625 428.687 440.343 449.812 552.281 685.656 767.312 893.375 907.750 910.031 997.500 1042.593 1090.593 1106.656 1124.718 1129.531 1130.437 1144.968 1148.093 1207.062 1208.187 1278.187 1290.031 1318.437 1361.718 1473.406 1535.156 1559.312 1568.187 1601.281 1617.500 1707.687 1720.687 1733.593 1802.625 1813.187 1854.906 1868.187 1933.187 1952.437 2039.375 2501.406 2636.625 2800.562 2917.156 2936.156 2991.312 3001.500 3117.000 3160.625 3162.687 3228.500 3451.250 3713.031 3741.718 3823.968 3857.031 
-1631.500 -1032.813 -992.875 -922.750 -143.375 -133.719 -94.094 -72.125 3.843 35.187 61.093 136.687 185.625 317.687 458.375 637.500 650.593 769.875 777.937 794.343 804.406 816.250 848.375 893.593 894.375 976.437 994.406 1031.281 1066.125 1070.593 1129.093 1474.187 1484.531 1498.781 1561.250 1567.562 1587.687 1596.312 1607.281 1695.812 1701.000 1723.250 1915.875 1926.375 1949.375 2012.156 2424.875 2446.562 3058.437 3152.906 3194.843 3243.281 3313.281 3371.531 3431.968 3570.218 3603.593 3803.156 3874.781 3880.468 3884.281 3939.187 
-1990.532 -1813.875 -1748.625 -1703.969 -1358.407 -1128.344 -999.375 -849.219 -610.563 -220.813 -50.469 43.906 71.125 79.031 171.687 186.093 295.375 307.062 345.687 889.312 922.812 1064.000 1115.750 1128.531 1288.031 1447.906 1559.375 1561.593 1588.781 1701.343 1707.812 1716.468 1718.625 1730.593 1745.562 1752.968 1769.875 1790.656 1810.562 1911.750 1925.531 1958.500 2116.750 2128.468 2159.000 2175.812 3120.750 3312.375 3561.312 3598.562 3787.406 
-1898.750 -1833.875 -1557.313 -1545.625 -971.594 -583.313 -538.594 -57.250 60.562 177.343 197.593 202.750 205.593 208.656 288.343 292.968 329.937 391.312 429.437 450.906 464.375 625.687 643.250 700.406 752.781 782.687 900.718 916.687 982.562 992.062 1056.187 1084.031 1089.500 1100.000 1106.343 1130.187 1141.937 1277.218 1355.781 1559.093 1594.593 1794.062 1849.687 1858.625 1913.343 1945.375 1954.812 2026.750 2059.125 2071.531 2090.218 2516.187 2735.093 2749.125 3181.250 3232.437 3319.062 3359.187 3491.062 3573.062 3602.906 3674.437 3686.187 3709.562 3712.968 3715.937 3722.843 
-1982.688 -1810.625 -1780.813 -1765.625 -1524.125 -1503.813 -1454.688 -1431.969 -1423.125 -1204.032 -1166.907 -1140.563 -888.125 -873.407 101.593 138.375 187.250 199.781 404.375 568.781 576.250 629.031 663.812 769.593 801.812 888.187 894.937 976.687 993.812 1023.468 1044.187 1062.187 1107.062 1405.093 1461.031 1521.687 1558.875 1671.968 1709.875 1717.250 1728.187 1912.312 1926.093 1954.187 1965.281 2673.156 2775.093 3101.218 3149.281 3272.843 3673.000 
-1874.282 -1811.719 -1779.625 -1773.438 -1744.813 -1739.969 -1698.907 -1662.125 -1650.594 -1547.907 -1507.625 -1240.657 -1222.094 -1091.000 -679.688 -639.813 -584.188 -447.063 -163.500 -109.500 -48.782 27.468 74.468 158.062 198.687 203.093 301.781 308.500 323.875 459.750 540.281 638.312 745.218 780.906 908.125 931.156 1082.062 1090.062 1098.406 1131.187 1152.125 1347.937 1367.468 1643.343 1677.750 1698.031 1701.093 1744.437 1774.593 1867.781 2222.906 2413.937 3260.593 3361.687 3492.625 3668.906 3918.875 
-1953.875 -1723.750 -1266.375 -910.344 -867.282 -860.188 -763.125 -607.750 -579.938 -557.907 -550.438 -363.782 -319.407 -270.938 -186.438 60.718 210.500 225.062 558.531 650.968 681.312 720.625 922.062 1552.593 1566.125 1605.281 1645.281 1699.875 1716.187 1729.593 1926.937 1938.656 2052.468 2508.125 2620.656 3129.812 3138.500 3240.937 3565.812 3581.375 3725.625 3900.437 
