-1767.813 -1316.532 -1137.157 -1036.938 -969.282 -925.782 -874.157 -458.000 -434.750 -274.938 -205.532 -117.188 136.781 302.812 335.468 352.687 357.437 454.031 477.031 548.156 768.093 780.500 832.000 836.593 871.562 880.312 890.031 945.156 972.031 981.437 1009.875 1297.406 1308.562 1374.531 1406.531 1497.593 1507.281 1540.812 1595.156 1640.531 1656.718 2265.218 2430.968 2827.531 2870.718 3018.343 3334.531 3764.562 
-1917.438 -1854.813 -1767.407 -1345.063 -1169.875 -851.594 -834.375 -801.282 -739.813 -664.125 -484.250 -289.782 -242.282 24.125 138.250 198.031 202.656 293.968 372.125 393.968 524.968 542.375 621.343 695.687 705.062 757.531 767.656 852.937 869.812 960.125 969.968 1002.031 1069.156 1282.156 1286.375 1309.375 1376.562 1382.718 1394.750 1535.437 1541.531 1624.718 1641.281 1820.593 1941.250 2100.437 2577.843 2618.968 2738.531 2807.812 3164.500 3286.906 3404.562 3482.093 3598.093 3621.187 3647.281 3874.562 
-1865.344 -1328.188 -1048.907 -1001.407 -731.344 -688.188 -605.782 -582.969 -461.625 -317.719 -144.657 60.062 72.906 146.531 430.093 473.687 703.250 768.468 862.375 939.968 949.250 974.906 1011.781 1016.406 1061.500 1093.906 1130.875 1294.843 1297.531 1327.593 1393.750 1411.843 1498.593 1511.437 1521.812 2295.406 2464.843 2719.593 2731.750 2785.281 2889.562 2968.812 3131.625 3579.500 
-1859.219 -1576.188 -1427.500 -1410.000 -1369.594 -1329.782 -1086.938 -998.250 -213.907 1.187 46.125 157.000 186.625 352.125 453.250 540.875 553.656 562.218 619.218 645.656 751.656 769.750 875.468 976.031 1062.437 1099.031 1129.906 1257.093 1305.843 1375.656 1379.375 1385.093 1425.375 1768.750 2341.156 2366.437 2763.031 2919.000 2974.093 3040.187 3095.406 3267.562 3536.250 3689.375 3878.343 3882.843 
-1790.594 -1326.438 -1263.157 -882.938 -466.500 -128.532 -63.594 48.781 152.718 163.343 193.218 333.968 368.000 443.687 488.781 547.343 631.250 694.000 770.031 839.687 949.656 981.093 1015.843 1310.000 1366.312 1419.437 1527.156 1611.531 1649.843 1682.812 1774.937 1967.812 2014.281 2180.875 2205.187 2300.875 2432.843 2516.500 2531.875 2649.281 2889.812 2986.562 3049.562 3792.781 3833.750 3904.218 
-1661.407 -1630.688 -1592.063 -1543.500 -1540.188 -1461.719 -1300.594 -1272.125 -1238.750 -1138.532 -686.000 -669.469 -479.282 -332.500 -319.125 -258.157 -214.282 -210.813 -150.063 57.968 64.093 104.812 175.625 186.968 204.000 297.593 488.968 543.468 613.718 704.812 754.000 768.750 845.062 851.781 854.593 871.156 881.843 990.375 1075.875 1261.093 1361.062 1398.250 1413.437 1494.500 1504.781 1534.718 1547.437 1605.437 1614.093 1625.250 1646.656 1665.000 1731.031 1799.156 2115.406 2396.625 2452.500 2711.687 2787.593 2864.875 3050.468 3134.750 3227.281 3238.031 3254.875 3264.593 3287.531 3307.781 3405.625 3420.937 3460.062 3542.812 3660.687 3760.906 3863.500 
-1885.969 -1652.875 -1637.875 -1552.688 -1410.063 -1211.688 -1126.688 -862.032 -757.094 -624.157 -485.313 -438.844 -349.875 -319.438 -289.063 -234.000 -216.719 -119.469 64.218 130.312 166.625 296.875 362.218 434.437 453.281 467.281 503.875 549.718 596.000 649.375 653.656 704.250 730.687 738.312 770.531 780.718 839.687 858.687 883.250 975.375 994.312 1082.718 1093.843 1102.218 1282.687 1314.000 1332.281 1375.031 1382.656 1399.562 1423.562 1508.781 1522.625 1664.781 2054.093 2166.406 2197.000 2372.343 2392.593 2536.812 2599.593 2893.406 3169.312 3217.656 3362.625 3949.937 
-1747.563 -1443.438 -1213.875 -1122.813 -1108.438 -1043.188 -962.407 -914.125 -878.407 -792.657 -583.188 -498.188 -292.813 -104.313 -19.063 9.812 94.281 121.343 134.937 180.718 353.093 357.562 486.437 579.312 586.187 700.093 782.312 822.093 840.843 890.843 1062.656 1281.812 1361.812 1365.468 1422.875 1449.343 1467.781 1476.718 1495.656 1542.343 1578.343 1625.968 1653.468 1990.781 2092.968 2152.875 2333.156 2477.093 2514.875 2752.593 2776.718 2972.718 3089.656 3155.875 3308.312 3371.593 3749.500 
-1927.125 -1896.500 -1789.688 -1786.563 -1575.938 -1508.000 -1219.282 -1153.594 -864.250 -797.532 -712.344 -703.844 -648.438 -564.875 -360.344 -188.563 -150.907 51.000 58.531 73.187 122.843 175.250 180.687 362.625 459.968 480.250 524.968 582.843 736.062 768.812 876.062 959.875 968.718 976.437 980.375 993.281 1010.000 1294.562 1308.968 1422.968 1541.937 1623.281 1656.531 1689.843 2004.906 2275.750 2404.156 2432.875 2480.250 2498.968 2775.281 2825.281 2908.625 3268.750 3558.875 3817.750 3825.781 3915.625 
-1760.969 -1741.125 -1718.688 -1686.875 -1679.469 -1677.719 -1598.594 -1525.438 -1511.532 -1473.563 -1093.813 -904.157 -807.907 -723.250 -115.094 17.406 57.687 182.531 188.500 225.093 251.437 304.375 341.843 360.656 458.593 524.531 591.437 625.093 730.812 768.468 834.437 844.187 845.937 939.000 975.062 1014.437 1262.531 1391.656 1395.406 1410.875 1484.718 1508.250 1511.093 1521.218 1851.375 2223.937 2421.906 2445.281 2517.968 2583.718 2640.718 2751.218 2817.656 2850.375 2886.187 3110.125 3202.812 3210.718 3239.531 3320.031 3740.125 3937.343 3959.937 3983.937 
-1977.688 -1891.469 -1607.907 -1140.000 -1076.188 -1065.125 -1052.438 -930.844 -741.219 -584.094 -561.719 -539.969 -509.719 -479.000 -448.750 -414.313 -381.938 -380.844 12.406 84.125 351.625 368.781 488.718 501.656 582.500 728.812 734.687 764.406 767.968 842.156 847.937 868.156 916.531 966.406 1073.843 1110.187 1294.062 1296.343 1310.656 1318.343 1374.000 1395.750 1623.843 1900.375 2004.250 2010.250 2237.875 2378.343 2810.250 2890.812 2906.468 3126.500 3309.906 3390.281 3420.968 3467.437 3512.500 
-1853.563 -1766.657 -1585.094 -1559.594 -1347.719 -1319.313 -1200.282 -1060.719 -1042.094 -774.219 -610.844 -394.625 -363.063 -169.625 -124.813 186.656 196.437 341.718 383.625 549.000 550.500 581.656 597.968 634.406 691.250 709.031 726.281 731.750 756.000 769.375 779.875 875.312 898.406 931.375 972.375 979.312 1228.562 1255.468 1361.593 1365.156 1376.656 1389.062 1405.156 1505.281 1521.687 1647.906 1651.781 1864.218 2012.093 2077.625 2215.500 2555.781 2797.937 3014.000 3204.906 3475.562 3617.718 3643.500 3713.593 3784.125 3875.812 3942.156 
-1987.438 -1790.125 -814.688 -621.657 -439.688 -57.344 -35.469 32.062 65.093 97.562 135.750 271.718 304.843 381.000 417.062 480.656 521.843 524.625 633.375 831.437 865.281 881.468 920.093 980.937 1321.656 1371.437 1528.500 1650.125 1657.062 1750.187 1813.812 1880.437 1908.437 2037.750 2596.656 2654.156 2854.125 2875.187 2911.218 2956.625 3043.375 3250.187 3375.093 3454.375 3462.968 3608.250 3639.906 
-1937.125 -1878.938 -1819.875 -1710.375 -1603.969 -1334.125 -1253.625 -1166.594 -1040.844 -870.438 -750.907 -527.313 -257.157 -250.219 98.812 180.187 259.906 305.718 331.625 350.500 354.937 616.968 650.125 752.625 779.125 784.218 784.750 787.656 845.812 931.625 999.093 1011.468 1062.968 1295.406 1308.375 1329.000 1361.906 1397.281 1459.187 1462.250 1532.718 1543.343 1555.906 1595.093 1606.843 1703.125 2085.281 2105.937 2448.750 2713.187 2727.687 2803.656 2848.625 2913.718 2991.000 3101.125 3558.781 3664.812 
