22.781 140.562 922.187 1247.343 1286.718 1443.687 1755.562 1989.437 2236.687 2238.031 2266.875 3318.031 
22.906 106.875 241.500 323.343 352.718 642.593 697.062 765.281 1112.093 1285.250 1340.187 1701.250 2158.437 2289.218 2325.687 3395.218 3913.531 
90.125 167.781 281.875 452.437 607.093 637.000 760.468 1267.218 2903.031 3018.093 3028.625 3036.437 3876.031 
816.062 932.093 1724.375 2097.781 2785.656 2843.437 3318.250 3510.531 3646.375 
19.781 75.000 265.593 1681.218 1713.125 2700.687 3030.781 3645.531 
22.812 99.875 103.750 111.656 177.437 519.218 711.718 822.843 891.156 992.625 1429.468 1755.750 3296.500 
206.312 839.718 1604.031 1757.937 2041.187 2044.875 3123.500 3145.937 3197.625 3268.500 3703.468 
2187.968 3050.687 3114.343 
74.375 159.812 515.343 558.968 628.937 810.000 1320.687 1331.062 2250.937 3744.312 
930.375 1125.281 
