20.437 272.312 553.968 687.093 724.781 1102.500 1546.812 1720.312 1721.937 1960.437 2807.156 3006.031 3010.375 3277.937 
18.093 20.875 251.468 252.875 255.687 484.000 1045.437 1104.656 1518.468 2182.718 2190.343 2660.250 
20.937 179.968 258.375 811.281 1138.937 1218.968 1686.375 2231.687 3076.750 
67.906 188.406 200.156 559.468 588.500 853.937 862.812 2216.906 3022.812 3050.000 3069.531 3704.750 3899.531 
17.093 261.812 402.812 884.531 1142.843 1907.375 2188.750 3214.406 3547.156 3573.687 3774.343 
17.343 1067.500 2627.437 
11.062 112.437 169.531 571.562 867.218 1019.187 1205.562 1505.593 1766.187 2152.312 3075.218 3667.031 
254.656 379.656 520.468 578.125 590.718 633.531 1913.406 2173.312 2193.468 3393.468 3423.937 
573.750 1274.343 1628.062 1630.125 
17.687 596.093 1925.093 2196.687 2200.937 2203.343 2224.406 3987.562 
