99.718 348.312 465.281 908.750 1589.968 1986.000 2123.718 2136.500 2785.406 3099.437 3104.031 3410.250 
158.250 256.968 299.562 300.656 539.000 1506.281 2182.437 2558.406 2724.281 2726.375 2761.156 3515.718 3525.531 3676.000 3915.468 3920.937 
10.906 17.625 231.312 793.500 959.843 1267.187 1273.968 1275.281 1279.593 1987.000 2020.000 2265.562 3147.250 3273.750 
212.343 266.062 338.218 483.843 1472.687 1485.375 1918.656 
131.937 305.625 938.562 1045.718 1073.906 1122.968 3516.875 
208.312 586.531 965.812 1534.312 2151.562 3217.250 3267.812 3551.218 
106.406 298.281 477.093 1087.281 1500.750 2206.093 2803.281 3444.468 3508.625 3623.375 
602.187 972.968 
31.843 141.062 305.625 324.843 1779.625 2179.468 2188.500 2191.062 2199.156 2656.312 3762.093 
616.437 708.187 1125.906 1415.843 1809.687 3056.093 3723.281 
