58.343 78.250 92.625 225.187 281.406 316.906 399.312 440.750 488.812 698.875 762.906 1107.687 1348.656 1366.343 1480.437 2114.625 2327.906 2579.437 2730.062 3092.625 3096.562 
21.875 23.343 29.000 324.781 555.125 701.375 894.437 953.343 1125.437 1393.250 1420.125 1821.500 1852.406 2922.718 3508.656 3759.093 3904.906 3914.125 
81.375 196.531 330.812 442.843 842.875 1108.343 1465.500 1615.687 1896.375 2081.187 2087.062 2089.062 2117.562 2209.031 3463.062 3587.375 3592.156 3595.781 3967.437 
26.281 85.343 87.031 193.281 282.562 439.531 445.968 1148.843 1470.468 1480.000 1838.187 1846.000 2239.187 2792.718 3956.687 
26.468 50.656 80.125 173.937 176.468 238.562 450.093 591.125 696.843 857.312 955.343 1261.187 1480.312 2082.093 2171.218 2172.875 2771.093 3653.687 3684.250 3863.718 
162.031 186.812 372.437 442.187 447.281 603.218 698.562 957.812 997.812 1111.093 1114.562 1130.437 1261.500 1388.343 1574.187 1611.656 1642.437 2021.500 2444.812 2625.500 3438.687 3561.062 3746.343 3916.218 
25.718 178.156 331.000 450.812 914.812 967.437 1282.093 1911.750 1974.687 2132.375 2679.093 3274.375 3551.718 
87.000 172.375 997.781 1383.312 1884.187 1929.312 2204.093 2389.687 2846.000 3682.656 3843.812 3987.312 
27.125 36.468 45.625 199.875 285.625 496.718 600.062 972.781 1530.687 2806.750 3372.406 3534.906 
86.062 552.468 934.875 955.156 1270.843 3502.500 3657.875 
