266.343 804.750 921.343 2043.687 2298.968 2591.031 3690.968 3708.375 3785.750 
30.187 142.500 207.062 371.312 1754.562 1767.906 2157.906 2164.343 2488.218 3619.406 3631.250 3655.906 3717.125 
479.218 659.500 1183.281 1198.656 1595.031 2122.062 2127.000 3155.625 3671.500 
30.093 177.968 432.687 736.062 891.875 1484.843 1766.531 1846.281 2112.906 2509.187 3795.343 3992.687 
29.593 558.343 3561.000 3893.500 
30.812 425.281 642.125 1300.218 2188.937 2352.156 3479.718 3503.312 3769.750 
29.843 272.093 351.625 638.906 1109.531 1370.500 1994.968 3378.156 3976.312 
412.781 554.843 1194.875 1328.750 2058.281 2146.000 3190.500 3220.906 3222.281 
617.000 629.312 990.531 1901.625 2164.750 2231.187 3100.593 3480.031 
32.093 197.312 660.437 2157.875 2970.406 3695.281 
