23.750 438.750 905.531 955.062 966.781 2006.125 2173.218 
23.937 63.093 126.906 138.343 725.531 899.500 1078.000 1412.062 1595.000 1801.187 1836.718 1926.531 2115.625 2134.375 2178.031 2364.718 2472.250 2842.531 3374.125 3456.000 3462.906 3686.750 
27.656 80.781 133.468 179.312 275.312 593.937 703.875 757.906 849.343 916.125 1436.781 1544.468 1813.031 2003.968 2081.375 2171.531 2367.531 2657.875 3375.718 3950.031 
178.812 190.968 385.968 594.406 764.500 1251.937 1468.312 1484.968 1684.187 1803.468 1826.656 2141.000 2142.343 2169.687 2280.312 2677.281 3700.593 
20.656 23.937 377.187 803.343 962.656 1339.218 1479.718 1588.718 1726.937 1738.562 1952.843 2036.906 2122.468 2243.812 2439.906 3262.843 3274.781 3415.875 3594.843 3601.343 3822.781 
191.500 530.062 594.218 1108.781 1554.375 1713.718 2056.156 2282.875 2286.093 2414.281 
59.812 64.968 197.500 220.187 670.343 750.968 819.656 860.968 914.750 977.218 1500.218 2119.468 2596.593 2791.000 3667.875 3711.156 3837.593 3988.781 
19.000 65.218 325.718 598.937 760.906 948.343 1083.812 1429.531 1541.343 1543.656 1790.437 1803.468 1804.875 1858.625 2107.718 2152.218 3551.031 3568.125 
24.687 26.468 63.875 141.906 296.250 782.218 847.562 1148.750 1334.250 1544.468 1822.375 1944.343 2059.437 2092.531 2203.750 2698.750 2701.625 2718.687 2754.375 3235.031 3304.812 3358.937 3676.531 
59.687 201.250 688.218 1592.906 1897.343 2163.750 2253.156 2373.062 3262.343 3365.875 3378.593 3513.312 3525.812 3944.593 
