22.156 166.156 397.125 1038.906 1126.531 1310.906 1349.031 1546.156 2060.500 2160.593 2305.437 2708.000 3481.625 3923.062 
22.156 26.000 85.781 177.562 347.000 491.218 880.187 1356.718 1912.906 2736.718 2833.781 3006.281 3030.531 3150.968 3695.812 3941.718 
115.062 195.343 265.250 370.250 827.781 968.843 981.562 1012.937 1093.781 1382.312 1779.562 2170.437 2475.531 3168.093 3191.156 3381.875 
101.531 115.937 128.593 584.687 959.375 1272.031 1410.468 1706.218 1907.656 3752.156 
336.687 354.968 357.656 474.125 1396.093 2187.312 2651.406 2885.687 
144.187 153.781 526.406 1367.906 2193.281 3077.062 
516.500 1566.093 1723.375 1970.312 2891.968 
1276.625 1440.156 1871.625 2176.281 2188.125 3138.343 
214.750 357.781 1216.781 1692.437 2166.375 2801.281 3157.281 3375.781 
283.031 300.750 585.687 1137.531 1318.656 2007.406 3356.031 3593.156 3631.187 
