20.093 23.531 61.156 83.593 142.125 227.312 563.625 786.687 884.937 994.281 1247.156 1759.750 1764.843 1886.468 2016.906 2177.687 2271.687 2692.562 3113.843 3126.250 3478.312 3822.875 
22.593 120.062 235.218 314.875 536.187 684.781 958.687 1052.156 1357.031 1453.625 2064.531 2085.218 2156.062 2259.500 2711.500 2822.843 3271.437 3700.656 3706.468 
122.156 132.062 214.468 419.187 513.437 608.843 947.281 2086.906 2125.968 2137.687 2195.000 2216.781 2287.312 2589.406 2719.875 2885.281 3114.375 3205.937 
0.843 20.375 41.812 56.500 121.437 131.031 132.343 165.781 294.656 447.687 512.343 572.875 574.156 1004.437 1098.750 1285.562 1447.656 1526.875 1579.781 1779.750 1868.625 2225.562 2280.437 2504.218 2901.968 3253.343 3254.812 3378.562 3393.781 3921.187 3939.781 
23.125 35.187 142.562 217.125 252.625 355.375 443.937 477.656 581.156 680.906 1008.281 1529.593 1769.312 1969.843 2114.656 2227.968 2255.156 2265.187 2756.031 2810.468 3225.500 3310.343 3550.843 
86.000 127.593 139.500 249.875 302.187 576.375 698.281 1029.750 1155.593 2128.093 3230.625 3600.000 
28.968 255.437 286.687 681.500 965.593 1457.593 1535.218 2120.156 2312.343 2630.343 2679.468 2912.031 3375.937 3412.875 3539.312 
23.218 24.312 32.156 124.031 1189.531 1402.750 1441.531 2127.968 2302.468 2799.937 3643.437 3649.531 3653.093 3809.187 3948.375 
57.218 130.687 296.437 298.281 498.781 601.968 1052.156 1460.031 1923.968 1931.750 2309.906 2311.062 3058.531 3065.187 3265.968 3828.343 3829.750 3860.156 
98.812 116.750 154.281 215.562 319.000 423.531 503.218 585.000 742.593 1237.562 1539.750 1681.656 2156.062 3085.718 3122.531 3413.437 3744.468 3749.656 
