23.125 72.718 74.937 112.937 388.687 601.625 777.031 955.187 1722.812 1779.656 1992.062 2074.562 2104.812 2350.187 2622.937 2710.812 2960.687 3107.656 3531.531 3825.062 3902.343 3907.875 3940.937 
24.812 76.093 107.093 121.218 338.000 484.843 527.218 531.468 666.625 984.781 1001.468 1944.250 1950.031 2049.531 2066.718 2284.000 2326.843 2737.187 3390.156 
69.875 232.531 372.562 377.843 543.312 1269.406 1656.875 1776.937 1794.031 1904.343 1973.343 2124.031 2153.875 2164.875 2689.375 3931.531 
25.593 229.437 354.531 612.437 632.093 807.718 1100.406 1263.312 1559.875 1978.500 2136.562 2488.062 3065.000 3121.125 3174.187 3797.031 3805.718 3810.343 
37.468 80.531 125.125 145.812 606.656 850.187 1212.531 1285.687 1441.000 1765.875 1784.906 2081.968 2282.187 3424.156 3470.437 3609.312 3777.562 
27.312 76.375 348.937 500.531 508.750 801.687 821.312 918.093 1001.843 1157.812 1419.781 1547.937 1671.687 1782.500 1883.625 1929.250 2237.156 2335.812 2343.968 2497.093 2747.875 2755.625 
23.062 104.812 216.343 1025.937 1211.562 1667.000 1919.406 2742.906 2753.781 2881.562 2941.656 3051.843 3113.906 3496.125 3618.562 
52.531 96.031 505.406 660.625 1025.718 1090.312 1313.531 1378.187 1672.468 1785.406 1843.093 2354.875 2692.531 2778.375 2792.468 3555.593 3579.875 
128.093 147.718 562.468 658.281 919.343 1690.906 2463.312 3303.343 
26.968 80.281 255.062 371.250 655.656 890.781 977.093 1024.125 1569.593 1966.593 2512.218 2758.062 2762.812 2764.187 3273.937 3351.625 3450.500 3733.812 3786.375 
