20.031 21.406 74.000 232.468 620.500 1282.093 1484.656 2087.593 2155.718 2385.875 2523.812 2620.375 3445.687 
3.031 13.906 17.062 19.812 84.656 292.593 392.625 570.562 594.062 662.843 973.218 1236.218 1312.375 1371.125 1436.562 1438.906 1503.125 1689.562 1782.281 2004.312 2170.968 2664.406 2753.687 3006.562 3607.312 3703.593 3967.781 3993.343 
13.093 14.531 17.500 22.000 130.500 281.937 407.687 628.812 1001.187 1208.593 1483.406 1578.937 1830.750 2026.906 2788.218 2930.156 3187.593 3354.687 3622.343 3851.406 3897.531 
17.625 105.781 149.593 286.781 288.750 809.187 1072.281 1286.000 1691.562 2155.000 2240.593 2575.812 2699.500 3369.156 3564.250 3675.468 
17.375 33.781 89.312 453.468 564.781 751.718 900.062 909.312 982.593 1336.687 1515.093 1835.593 2111.093 2341.093 2949.968 3689.562 3795.187 
20.062 288.468 296.593 377.406 981.781 1124.312 1539.562 1613.250 1634.625 2047.343 2058.218 2218.125 2820.250 3142.875 3302.187 3635.343 3976.281 
17.593 47.437 167.687 245.250 883.906 1943.281 2120.625 2539.968 2885.406 3304.093 3455.531 3795.250 
164.062 247.812 384.843 425.843 719.406 962.812 2530.937 2560.750 3533.468 3851.531 3987.500 
5.843 340.281 535.031 769.375 854.312 1487.875 1511.187 2145.843 2786.000 3403.187 3903.906 3908.968 
298.250 1324.906 1428.656 1715.937 1834.312 2079.500 2134.937 2224.718 3636.093 3919.375 3934.593 
