21.875 25.031 32.062 46.906 50.531 62.937 82.968 88.312 99.250 101.281 105.500 122.437 144.875 159.437 216.875 231.218 258.625 283.375 307.781 312.656 339.156 368.687 400.406 415.843 448.625 449.718 475.906 511.281 558.875 575.968 636.718 707.812 806.875 831.625 838.812 854.656 911.562 913.718 951.437 979.093 990.343 995.906 1038.468 1073.781 1100.906 1159.343 1229.593 1276.750 1279.125 1315.218 1330.750 1347.250 1349.343 1369.000 1374.937 1431.218 1432.843 1477.562 1490.156 1597.718 1600.812 1621.375 1645.906 1677.625 1767.218 1826.281 1829.437 1874.156 1884.000 1976.656 1978.281 2001.093 2007.906 2627.718 
21.468 22.750 25.125 47.093 48.875 62.875 65.500 99.968 103.000 145.343 159.593 216.437 232.093 235.000 259.093 267.343 297.500 310.750 314.968 340.625 374.218 405.812 438.406 448.718 474.125 539.468 562.156 577.031 596.093 614.218 641.562 674.406 679.625 804.312 831.718 838.625 912.375 950.125 980.156 993.437 1055.531 1137.406 1157.062 1207.593 1229.125 1276.218 1315.468 1327.718 1347.406 1350.062 1369.125 1431.718 1433.218 1517.781 1598.687 1629.218 1645.031 1677.312 1784.406 1824.343 1882.656 1975.906 1977.500 2007.093 2455.437 2509.000 2716.812 3166.718 
22.343 23.781 26.187 45.531 51.156 62.750 65.312 82.437 88.406 101.406 106.062 145.843 162.250 216.937 232.187 245.593 257.937 284.593 298.187 308.031 313.156 375.812 422.125 424.875 438.375 448.656 451.000 474.812 511.562 563.625 576.562 611.500 642.625 673.375 680.062 790.843 792.968 837.062 863.437 910.937 912.531 948.625 978.093 980.593 992.031 1039.031 1073.500 1074.968 1157.312 1229.781 1275.406 1278.625 1347.312 1349.156 1375.250 1432.593 1435.937 1460.375 1476.843 1490.343 1599.187 1647.250 1676.843 1772.437 1786.281 1823.812 1875.156 1883.156 1908.250 1975.781 1977.875 2007.000 3202.031 3947.593 
22.000 23.156 25.968 45.968 63.906 87.281 90.718 99.125 104.625 145.500 218.843 236.468 252.437 261.812 283.781 296.093 313.218 339.343 370.031 407.843 439.281 448.875 450.125 476.812 560.843 566.031 577.156 596.093 636.843 642.281 681.937 710.250 791.937 911.281 913.156 946.218 951.062 980.843 989.500 1038.343 1056.375 1207.562 1227.687 1247.531 1275.093 1277.718 1290.843 1316.375 1347.531 1349.843 1369.156 1431.593 1433.843 1490.750 1517.187 1598.531 1618.093 1646.593 1678.375 1687.656 1773.781 1830.000 1874.781 1888.593 1975.312 1977.843 2007.093 3315.250 3832.718 
21.906 25.812 62.781 89.250 100.531 103.468 107.125 122.843 145.312 162.500 180.593 217.125 242.312 260.375 284.093 296.968 300.000 312.937 315.218 339.625 368.437 424.968 441.593 449.312 475.875 511.687 562.281 576.531 596.312 641.437 673.343 680.000 707.937 789.750 807.343 831.156 846.593 864.000 894.812 911.500 914.281 952.781 981.781 995.593 1039.906 1055.906 1074.187 1172.437 1234.968 1278.812 1284.000 1316.187 1324.625 1347.375 1349.156 1373.593 1432.343 1434.906 1458.843 1481.656 1517.281 1597.312 1630.312 1644.843 1678.062 1768.875 1786.312 1824.093 1831.750 1881.375 1888.000 1976.343 1978.125 1981.812 2007.125 2150.906 2411.156 2991.750 
22.343 24.937 48.031 62.312 89.218 99.312 107.656 143.718 160.593 218.531 233.281 243.968 258.343 284.750 296.781 311.125 328.000 365.968 374.125 436.000 449.843 475.906 511.531 559.312 592.156 638.281 643.343 679.375 791.500 805.500 831.812 864.531 910.250 911.656 947.968 981.000 991.218 1227.812 1274.718 1281.125 1291.468 1315.593 1347.156 1350.218 1370.656 1432.656 1477.812 1491.406 1599.062 1644.875 1714.312 1823.718 1874.406 1889.218 1976.062 1978.406 2930.531 3897.437 
22.750 26.187 48.593 66.312 88.625 98.531 102.031 122.437 144.343 161.250 218.656 232.000 236.156 259.656 282.906 296.250 313.093 327.437 366.937 375.812 393.656 425.500 439.000 449.000 477.750 499.312 512.468 566.468 578.593 596.000 680.000 708.031 803.968 832.718 839.562 909.656 911.531 944.843 980.687 990.812 1039.562 1101.250 1158.406 1207.343 1230.468 1275.656 1284.031 1293.781 1331.281 1347.562 1349.562 1370.250 1433.062 1479.093 1494.375 1516.687 1598.156 1678.375 1690.187 1768.500 1835.500 1873.968 1882.093 1976.343 1977.687 1997.031 2008.031 3859.937 3861.375 3865.906 
21.687 24.625 48.187 88.937 100.187 197.843 219.312 232.687 257.750 266.906 282.843 297.750 308.906 311.250 314.250 339.625 371.750 391.093 405.187 417.250 449.468 451.218 474.562 511.875 540.218 563.343 577.468 637.406 643.812 709.187 831.468 846.656 910.312 913.500 947.437 949.562 990.343 1102.968 1160.187 1189.531 1229.968 1276.093 1278.718 1316.062 1324.843 1347.718 1349.906 1432.125 1434.250 1476.781 1490.750 1517.812 1598.281 1603.593 1677.281 1768.656 1824.156 1831.437 1875.187 1881.375 1975.406 1977.406 1996.156 2883.656 
21.375 24.093 45.687 63.468 89.093 99.187 106.093 145.625 219.468 258.500 266.875 282.187 296.937 311.031 314.062 396.625 404.687 448.625 450.218 474.031 476.343 511.312 563.125 576.812 595.250 637.187 672.625 681.468 709.156 741.625 805.937 831.250 838.218 865.812 910.500 912.750 948.781 971.156 991.406 1039.843 1058.968 1136.531 1171.468 1228.562 1275.968 1331.312 1347.218 1369.375 1432.562 1434.156 1477.531 1516.781 1520.406 1586.718 1645.781 1688.687 1824.968 1829.750 1874.250 1881.187 1976.375 1977.968 1980.125 
21.718 25.468 45.687 63.250 88.218 99.687 105.687 144.968 218.312 234.500 250.343 285.093 297.937 306.218 314.531 340.625 367.968 424.468 449.781 475.250 511.000 560.468 576.500 578.000 642.843 678.437 791.500 832.312 912.062 947.218 980.687 995.593 1055.656 1133.281 1172.187 1225.718 1230.156 1277.062 1290.718 1316.000 1347.187 1349.093 1371.812 1432.156 1477.281 1479.343 1517.843 1598.656 1631.312 1646.593 1687.937 1772.843 1830.000 1874.781 1976.468 1978.687 2006.593 2405.250 3956.375 
