-1396.157 -681.157 112.750 150.906 308.312 685.093 804.281 904.593 1086.500 1161.406 1235.718 1273.156 1328.531 1461.375 3075.312 3336.718 
-567.782 -564.469 -476.094 51.500 316.125 329.968 348.875 456.937 618.843 764.281 1040.625 1083.812 1097.875 1270.968 1320.906 1512.937 1614.000 2758.718 2842.906 2931.156 
-1934.469 -1165.094 -1059.532 -529.063 25.093 141.062 157.250 196.000 282.281 295.531 308.156 328.937 471.343 560.687 678.593 769.968 1063.656 1300.218 1331.093 1399.375 1611.687 2504.812 3986.781 
-1906.375 -1293.094 -646.219 24.187 154.500 195.406 323.281 440.562 450.437 535.875 638.406 736.750 899.187 966.687 1043.312 1069.250 1072.406 1086.031 1250.156 1298.937 1371.750 1569.406 1624.187 
-758.813 -748.563 -464.563 33.812 37.093 150.718 204.843 467.312 511.156 711.000 859.781 915.156 1037.218 1053.562 1097.781 1103.406 1311.187 1458.218 1462.562 1539.687 1626.218 2612.718 3412.937 3482.187 
-1780.063 -617.657 26.781 40.593 68.656 194.687 306.312 331.875 563.000 750.593 790.156 888.218 927.125 998.312 1018.187 1078.593 1085.812 1261.875 1315.468 1318.031 1479.656 1626.937 2171.343 3024.125 3303.937 
-1830.750 23.250 40.218 247.468 442.875 542.906 681.156 698.750 847.093 909.031 1051.343 1069.093 1259.187 1320.875 1543.343 1698.000 1874.406 2270.968 
-1333.375 -1328.063 -885.500 -717.563 36.250 93.250 318.062 338.968 436.531 506.656 639.093 758.781 909.968 975.437 1046.187 1096.281 1106.906 1184.781 1290.218 1324.250 1382.812 1499.750 1544.781 1801.437 2636.531 
-1606.563 -297.375 29.750 40.750 152.656 159.843 335.062 476.812 516.437 561.000 748.656 891.718 914.750 976.625 1068.718 1161.093 1323.000 1363.593 1369.531 1435.968 1528.343 
-1472.032 -1105.157 -777.719 28.218 193.406 331.812 456.187 499.750 551.250 682.031 763.562 916.718 995.718 1046.843 1067.718 1243.750 1297.687 1329.750 1366.375 1383.187 1556.156 1618.062 3326.343 
