-1958.094 23.062 85.500 249.562 356.093 864.781 896.125 1368.312 2657.812 3947.937 
-355.688 59.625 239.625 369.343 450.375 737.750 1034.593 1155.093 1214.625 1734.187 1864.718 2007.531 2561.718 
21.187 59.968 148.156 157.437 387.187 669.031 721.062 900.125 1068.468 1220.843 1481.843 1589.593 1738.656 1764.781 1846.500 2582.500 2594.968 
-103.125 43.562 195.156 244.125 262.656 421.531 538.343 592.312 814.187 1061.812 1110.812 1157.781 1204.531 1454.593 1504.125 1601.750 1644.562 1734.187 1800.875 2109.843 2163.406 2175.531 3246.250 
-885.344 -501.750 50.531 139.250 427.187 493.468 557.125 815.718 867.937 1147.000 1151.750 1196.843 1448.812 1595.312 1684.937 1707.718 1739.343 1844.875 3252.968 3888.718 
-1627.688 -1300.188 -1146.563 -535.688 -147.907 -85.688 61.781 262.750 385.343 882.343 996.531 1076.312 1090.000 1147.281 1276.531 1380.406 1492.187 1597.437 1625.687 1646.312 1727.187 1783.562 2084.500 2374.937 2386.187 2953.531 
-1277.750 -1248.282 272.687 466.093 745.875 838.093 1098.937 1125.281 1505.125 1580.625 1652.937 1708.875 1713.781 1839.562 1950.937 2536.531 3000.468 
-408.032 0.843 254.968 556.593 1128.781 1501.687 1599.593 1704.468 1746.812 1830.156 1912.843 2422.718 3156.031 
-1661.813 -1403.157 -481.282 108.312 262.937 396.343 407.500 884.000 1009.937 1073.343 1135.062 1272.937 1419.437 1716.093 1742.187 1847.031 1866.875 3572.218 
-1645.938 28.156 195.062 382.500 536.468 908.437 1014.968 1038.312 1171.593 1181.750 1268.281 1522.843 1614.750 1672.781 1734.812 1841.875 1933.968 3092.718 
