-1285.813 -928.375 -795.032 -270.438 425.281 558.250 939.468 990.437 1560.531 1625.531 1959.593 2026.375 2250.781 2886.968 3774.406 
-1145.594 -1004.688 -504.625 43.093 77.562 205.468 324.562 346.375 539.906 782.093 851.281 964.531 1013.812 1019.156 1155.218 1233.625 1437.000 1776.531 1925.375 1957.156 2038.656 2434.906 2675.562 3389.906 
-1995.344 -1005.938 -587.094 30.156 480.781 594.281 780.062 1232.250 1245.125 1529.625 1681.187 1872.781 1896.687 2000.812 2100.156 2136.093 3144.281 3155.937 
-1730.594 -1113.250 -754.719 -162.313 28.406 82.656 225.218 498.156 903.656 1087.625 1556.125 1640.687 3260.218 
-1073.438 -1036.782 28.156 79.093 423.812 471.000 476.718 542.156 676.375 857.937 1060.187 1305.906 1601.218 1656.281 1709.593 1886.031 2010.843 2494.406 
-1410.063 -1180.688 32.218 80.468 203.718 223.937 479.937 573.437 677.625 877.593 975.281 1669.531 1857.812 1996.718 2567.031 2943.562 
-1780.344 38.312 426.062 487.125 545.625 786.406 1061.156 1193.250 1277.750 1382.843 1567.593 1639.875 2013.812 2068.093 2229.125 2480.562 2764.343 2879.500 
-1168.250 -900.532 28.781 83.093 534.562 770.187 1570.218 1621.812 1875.718 2011.156 2179.187 2309.406 2396.093 2472.437 
-1578.094 -438.875 33.781 456.937 565.093 621.125 912.500 1001.687 1428.093 1464.500 1519.125 1634.968 1873.000 2000.125 2002.500 2120.875 2257.375 2335.468 2941.125 3738.718 
-1914.219 -1868.688 -856.750 33.125 85.312 96.062 223.593 341.812 421.031 539.781 545.968 699.187 944.343 949.625 1083.031 1633.093 1646.093 1805.656 1817.000 1855.531 1906.156 1982.968 2007.843 2474.781 
