-1385.750 41.437 44.343 172.625 989.687 1333.531 1341.937 2179.468 3064.875 3543.718 3544.687 
-1151.532 -899.907 -340.625 47.187 298.000 585.562 1033.125 1240.437 1520.156 1608.687 1756.750 1876.687 2200.906 3445.968 3450.781 
-1942.563 -1845.532 -478.563 -206.844 1020.656 1110.343 1474.281 1517.843 1641.156 1890.812 2080.875 2212.250 2248.093 3345.250 
-976.438 43.343 217.437 859.187 945.718 1039.218 1234.187 1347.531 1493.093 1579.906 2014.781 2084.531 2360.968 2609.375 
-1755.000 -323.750 39.812 149.250 220.531 585.500 920.125 933.312 974.187 1409.718 1447.375 1512.062 2073.875 2111.093 2236.593 3386.468 
-1956.188 45.843 290.781 367.156 653.593 946.593 1352.281 1508.125 2076.750 2113.468 2125.312 2199.000 2383.187 2482.062 2752.968 2759.437 2798.937 3773.312 
-1486.250 -856.969 -27.594 142.531 1255.468 1449.531 1521.125 1923.406 2082.718 2150.093 2245.250 2555.812 2783.656 2929.468 3714.125 
-1186.157 -1181.438 -1173.532 38.500 205.531 219.343 916.593 1002.218 1099.375 1148.968 1367.187 1443.968 1540.250 1615.531 2099.062 2111.875 2275.812 
-1287.469 23.093 684.781 858.250 1143.593 1348.218 1421.437 1463.250 2076.937 2082.687 2110.312 2140.250 2378.125 3504.031 3511.250 
-1868.532 -575.188 -392.125 65.937 139.968 405.125 917.343 1000.875 1128.343 1157.218 1209.375 1431.687 1533.406 1614.437 2094.000 2793.062 
