-1234.750 -1076.875 28.406 242.406 752.000 862.875 1075.437 1133.562 1807.937 1957.906 2037.343 2444.531 3482.875 3691.468 3980.343 
-982.657 -784.438 -381.688 36.750 64.312 358.312 654.156 2135.625 3606.000 
-1708.407 -1475.125 36.375 95.156 425.906 657.218 793.156 1302.343 1763.875 3016.625 3107.687 3644.281 
-315.969 37.000 88.125 224.968 354.156 409.531 686.187 1087.656 1098.500 1367.281 2193.250 2279.968 3372.812 
-1309.438 -1308.375 37.156 62.406 387.375 818.218 1169.062 1375.156 1651.625 1726.062 1828.750 2885.968 3515.718 3614.312 3819.343 
-1488.813 -935.532 -400.000 -213.157 41.718 169.000 222.437 672.625 742.625 1186.875 1780.187 2685.656 2837.437 3274.968 3294.281 
-1961.907 -842.438 -824.594 43.218 579.687 615.312 1703.875 2530.156 3774.125 
-1829.719 -1517.625 -283.657 52.843 221.250 357.281 387.156 749.906 986.625 1216.500 1378.000 1641.218 2424.968 2606.281 2654.437 2659.750 3268.281 3548.093 
-981.407 -897.969 39.843 407.125 1062.218 1073.812 1657.406 1816.125 2284.375 3425.281 
-542.375 40.781 1559.843 1780.687 1853.468 3358.093 
