-1739.375 -1356.625 -1072.375 -369.594 -366.719 205.656 317.312 533.312 669.031 922.531 935.187 1187.125 1538.218 1634.843 3461.281 
-1421.282 -804.250 34.937 84.687 514.437 671.218 882.468 968.812 1132.156 1211.125 1235.531 1451.312 1560.125 1594.875 1662.281 3903.875 
-1394.125 -1337.188 -409.188 30.093 86.843 423.781 518.656 946.437 1607.125 1652.593 3453.750 3620.156 3760.062 
-1329.438 -98.313 43.500 88.125 210.812 319.781 877.062 1144.437 1235.437 1452.750 1551.156 1586.625 1664.062 1704.656 1738.468 3710.031 
-1816.407 -1506.407 41.406 67.281 202.343 332.500 510.625 872.625 1415.218 1807.968 2511.843 3220.937 3632.812 
-919.063 -911.875 28.656 78.468 512.718 667.843 881.906 959.031 966.843 1234.093 1495.156 1574.968 1616.750 1652.437 2842.593 2956.312 3214.812 
-1524.782 -1401.875 -1209.594 31.000 32.312 52.718 889.343 1662.875 2711.125 
-434.500 29.250 639.281 879.343 1602.718 2236.406 2263.437 3570.281 
-1399.657 27.843 84.531 188.593 306.000 513.062 581.687 832.125 896.156 1338.562 1569.031 1619.406 2170.062 2181.093 3358.468 3822.312 
-746.657 -381.750 -366.782 85.562 572.125 631.875 827.406 893.593 958.031 1273.468 1543.687 1657.531 3607.062 3865.187 
