-1800.375 -146.282 -14.469 32.437 83.843 775.093 852.406 1212.218 1604.500 1612.281 2002.687 2197.468 3598.718 
27.187 28.375 42.093 87.000 152.375 419.093 511.718 637.593 749.562 867.656 1050.562 1061.281 1418.343 2740.812 
-1614.125 -1610.750 -727.375 -325.000 31.906 138.281 553.312 731.593 1155.500 1184.312 2322.718 2383.843 3263.625 3697.093 
-427.719 -269.250 28.343 174.625 514.968 649.156 702.937 870.093 1089.125 1788.468 3168.031 3608.343 
-1739.688 -569.469 -527.032 -425.000 -323.407 -183.032 34.593 183.656 632.468 750.093 935.718 1175.156 1326.125 1449.625 2427.281 2565.250 
-1686.469 -1172.688 -392.625 -10.657 29.031 384.906 735.812 1181.468 1259.437 3811.000 3966.562 
-1693.750 -1052.750 -950.969 -173.813 31.500 301.125 524.218 698.656 855.250 857.531 881.281 1134.156 1764.687 1772.250 1985.218 3562.250 3572.062 
-1646.469 -1612.438 -1024.219 -853.063 -211.688 28.906 72.812 518.781 913.750 1219.718 1421.843 3003.781 3359.187 3474.562 
-1161.844 35.343 305.750 434.375 729.437 919.343 1287.156 1355.687 1789.218 2593.468 3073.656 
-1203.032 37.656 175.843 641.031 750.562 758.843 1065.937 1316.500 2019.875 3755.406 
