-1885.625 -678.407 -528.907 86.625 338.750 1052.156 1408.718 1507.812 1663.718 2030.843 2170.875 3138.593 
-813.532 77.312 325.250 1374.156 1408.093 1514.062 1654.250 2038.937 2088.281 2152.093 3212.968 3747.781 
-1661.157 -956.094 -770.188 -614.688 80.875 102.843 918.937 1013.656 1021.656 1039.312 1140.093 1266.593 1274.437 1324.937 1455.218 2054.250 2138.468 2244.812 2526.687 3462.750 
-1738.438 91.531 98.437 211.562 1409.437 1801.000 1839.375 1864.406 2017.812 2080.781 2150.250 2302.906 2904.375 3000.906 
-1500.875 91.875 113.343 144.875 303.031 1282.781 1335.062 1353.656 1454.218 1869.375 1931.156 2028.125 2101.125 2172.843 2231.000 2351.656 3918.687 
-998.407 98.937 166.562 1020.968 1134.718 1271.000 1329.562 1779.656 1801.468 1876.718 2024.156 2050.437 2121.437 3684.593 
-592.375 61.250 290.125 720.843 1303.687 1362.218 1435.343 1558.843 1628.000 1681.093 2031.312 2141.812 2172.843 2228.031 2497.343 3331.156 
-118.250 -78.594 58.531 144.843 407.062 506.937 1296.500 1353.656 1456.375 1932.562 2012.875 2111.062 2143.531 3955.750 
-1759.219 -1484.032 -155.094 102.093 859.062 1275.125 1351.000 1438.218 1903.718 2034.312 2122.468 2510.812 2631.718 3733.218 
-400.657 -389.250 64.031 145.281 994.531 1193.125 1282.781 1371.093 1432.843 1438.031 1809.093 2044.437 2094.812 2138.812 2207.750 2484.968 2795.156 
