23.093 145.125 309.562 328.250 1365.656 2424.437 3032.500 3351.968 3360.718 3982.875 
-565.000 -256.969 35.343 58.156 97.250 306.093 471.593 590.750 727.937 1073.000 3045.625 3612.406 
-1718.782 -1141.438 -1134.782 -832.532 -592.813 148.156 274.062 311.750 479.531 569.437 605.718 922.531 1166.656 2629.625 3517.000 3984.562 
-1399.657 -1276.594 -1004.063 -521.313 -68.188 36.375 142.656 300.125 454.125 466.812 502.562 623.156 1118.562 1124.656 1181.875 3416.218 3428.156 3909.500 
-1943.563 -681.313 -647.375 31.250 388.968 503.093 594.031 648.156 896.156 1054.343 1151.906 1691.125 1696.718 1987.656 2006.906 2574.593 3223.718 
2.156 12.218 195.468 285.250 522.062 608.843 731.531 921.375 1074.812 2370.562 3863.468 
-1950.407 -1655.375 -256.282 30.500 442.937 489.593 569.343 637.250 1034.781 1105.031 1443.781 2117.531 2155.187 3090.781 3784.125 
22.468 215.625 305.812 380.968 498.812 607.437 644.000 830.718 992.250 1136.656 1168.656 1529.625 
-1355.563 -404.344 -396.782 -134.438 34.625 384.031 495.937 580.906 647.843 1030.375 1141.968 1382.218 1782.375 2450.312 3126.062 3154.656 3851.906 
30.937 179.750 229.406 378.343 386.406 415.593 439.250 627.781 734.218 806.406 909.750 1151.250 1629.000 
