-1897.000 -1712.438 -908.969 -23.469 40.406 117.812 597.437 1384.250 1739.250 
-1559.000 -894.313 -370.844 38.031 192.468 339.312 406.468 730.875 740.500 1355.906 1858.468 1861.687 2147.500 3713.375 
-1855.250 -1032.125 -835.907 28.875 182.687 785.000 866.593 1312.406 1788.906 1860.156 2524.156 3757.843 
-1279.032 -601.157 -426.063 -394.563 -292.563 76.031 414.750 611.375 760.906 1178.750 1352.531 1721.906 3120.500 
-1464.407 -113.407 37.468 228.687 412.687 905.531 1020.406 1442.843 1610.656 1740.531 1829.156 2815.031 2820.187 2968.062 3695.062 
-1183.750 -494.094 40.187 108.250 574.875 652.718 919.625 1165.406 1269.000 1547.593 1813.375 2150.156 3007.937 
-792.500 27.375 158.406 317.625 409.250 601.500 1018.625 1762.656 1795.218 2296.625 3898.593 
-1412.344 -129.094 45.750 205.250 539.437 1052.968 1067.906 1144.875 1730.906 1791.468 2382.187 3464.781 3978.625 
-1047.782 -794.907 31.468 251.468 850.000 870.812 1198.718 1628.062 1813.250 
-1221.032 -899.313 -704.313 30.593 60.437 191.062 806.125 833.843 1595.937 1765.625 1845.156 2787.968 
