-1414.438 -1091.032 59.343 95.125 2051.093 2188.250 2255.437 2357.281 2431.593 2497.843 2963.156 
-1579.063 -1060.532 -392.469 31.562 79.468 118.718 664.281 911.125 1028.187 1134.156 1167.843 1208.625 1900.562 1934.187 1964.281 2065.437 2185.687 2263.343 2420.968 3018.125 
-1565.938 -703.094 78.812 227.187 557.875 596.406 907.218 959.937 1196.093 1512.812 1912.281 2016.625 2165.250 2187.906 2363.937 
-1717.188 -1340.125 -716.469 -706.094 -490.094 -64.657 83.375 310.031 496.750 842.468 1007.281 1050.375 1127.750 1176.937 1887.500 1956.968 2128.281 2169.031 2294.968 2403.375 2426.187 2497.281 3010.625 3062.531 
-1483.594 -119.375 -113.469 81.531 727.625 1232.718 1327.312 1379.937 1380.875 2018.781 2074.093 2204.093 3262.750 
-1954.532 -669.157 91.875 224.812 564.937 684.718 959.406 1190.281 1240.656 1390.062 1455.468 1593.656 1810.625 2046.968 2233.531 2332.125 2398.656 3582.875 
-1284.000 -501.282 -466.219 78.656 807.093 973.500 1027.531 1041.031 1046.375 1253.750 1668.906 1800.500 2027.906 2123.750 2286.406 2361.375 3663.968 
-1611.000 -1432.344 -390.250 34.562 248.625 464.687 989.500 1263.343 2016.937 2180.218 2324.500 3200.843 3384.718 3633.875 
-1602.625 -1497.407 -410.094 -401.000 -328.500 80.781 549.875 1003.187 1027.687 1062.312 1178.375 1381.187 1599.562 2266.125 2346.093 
-1182.438 80.312 218.687 522.468 959.781 1025.218 1099.187 1194.156 1656.625 1900.750 1956.437 1971.406 2100.906 2188.531 2356.906 
