-572.907 31.812 80.500 931.343 1379.218 1695.187 1830.156 2104.656 2130.500 3301.750 3313.531 
-1020.875 -786.094 -725.282 -717.375 187.593 206.125 752.218 978.218 1018.406 1228.906 1233.437 1457.906 1912.250 2008.593 2203.406 
-793.469 29.187 188.343 316.781 524.218 1090.218 1107.593 1290.031 1658.625 1859.812 1911.781 1987.281 2050.781 2179.156 2349.656 3553.968 
-1936.657 -587.032 -543.063 49.843 94.812 1082.156 1089.500 1660.437 1897.125 1914.093 1948.062 2010.625 2152.218 2373.593 2849.656 
-344.563 -39.782 191.187 969.343 1094.250 1284.500 1394.687 1461.250 1753.843 1957.312 2003.406 2047.687 2123.593 2137.812 2218.656 2905.625 3000.343 
-1731.125 -768.125 -314.063 -21.782 14.406 342.937 537.812 700.812 946.406 1065.593 1281.531 1493.250 1609.218 1642.562 1826.125 1917.687 1965.718 2103.500 2114.312 2147.562 2218.000 2297.875 2948.031 3177.031 3448.343 3564.343 3940.000 
-1762.375 -762.250 -726.782 54.562 62.625 889.875 1939.375 2001.093 2117.250 2172.843 2487.281 
30.718 64.437 244.875 1098.406 1179.718 1282.125 2304.843 2315.312 2608.906 3121.718 
-556.282 51.375 487.812 548.468 767.937 1275.593 1359.437 1481.687 1794.718 1847.562 2004.125 2297.281 2327.187 2379.312 2833.062 3742.187 
-118.219 50.312 86.875 761.875 1099.625 1402.156 2193.281 2378.843 3653.218 
