-204.125 35.312 370.468 1738.687 2251.906 3094.937 3263.437 3363.468 
-787.750 -462.782 39.375 272.125 473.531 631.468 1376.218 1624.250 1682.625 2364.562 2530.406 2800.281 2815.031 3798.312 3934.031 
23.375 37.125 334.781 1132.093 3808.000 3827.812 
-1543.188 -566.500 -342.000 -278.844 32.875 343.062 486.718 574.937 708.593 920.968 1126.312 1577.656 3019.125 3277.812 3840.062 
36.656 606.593 616.468 850.843 865.250 1510.468 1516.812 1611.187 2092.531 2137.843 2319.125 
-456.594 46.812 760.562 1027.250 1295.500 1638.593 1727.468 2225.625 
-870.063 38.218 328.718 791.593 1335.968 1552.312 2302.406 3095.375 3314.500 
-1671.782 -675.344 -343.219 44.843 47.125 120.500 174.687 194.093 651.593 781.062 798.656 946.531 1076.281 1336.781 1542.875 1630.843 1654.312 3719.250 
-1894.032 27.625 293.875 882.656 944.093 1047.062 1588.937 2798.687 
-1423.625 -1191.532 36.375 147.375 299.218 491.562 884.968 1024.812 1194.593 1205.375 1354.468 
