-628.000 -619.344 26.687 91.031 579.750 981.750 1243.031 1315.843 1591.937 1620.812 2348.937 3135.406 3665.906 
27.156 235.718 404.187 1072.906 1282.750 1408.843 1523.093 1827.906 1861.375 1907.687 3358.062 
-1636.219 -1331.375 -411.750 -217.657 26.843 35.031 236.656 906.250 1007.187 1027.406 1125.000 1831.187 1859.875 2986.218 3444.718 
-1823.782 -1586.532 -1240.875 29.062 362.468 1004.187 1599.281 1835.125 1856.625 1874.937 3556.375 
-1655.594 -998.375 -246.625 -107.813 29.187 967.125 1229.843 1856.937 1925.875 2919.906 3001.812 3207.281 
-1378.907 29.218 58.468 64.156 246.625 449.843 883.562 966.718 1188.937 1277.875 1478.125 1554.906 1746.281 1776.437 1858.500 2271.281 2389.781 3475.812 
-1080.188 -776.969 27.093 906.906 1770.625 1875.125 1913.343 2831.187 2876.031 2927.875 
-610.625 -134.782 43.312 705.968 1077.718 1444.437 1523.093 1882.312 1901.375 3022.812 3584.812 3590.437 3771.375 
-1628.032 -1585.375 -1038.375 30.156 710.312 1198.625 1272.843 1773.156 3154.625 
-1012.344 28.656 1089.562 1820.187 1889.468 2384.156 2715.906 3082.312 
