65.000 413.875 734.156 1029.937 1036.718 1181.031 1276.531 1808.343 1855.812 1861.625 1919.250 
-47.032 -10.750 288.500 423.656 909.656 1105.437 1154.343 1240.000 1567.968 1628.187 1850.437 1879.218 1943.156 1980.656 2012.125 2339.031 2893.968 2977.156 
-1413.875 27.937 187.937 429.031 1035.468 1132.718 1799.312 1861.812 1892.250 1914.062 2080.875 2636.343 
-821.688 -439.625 -17.000 45.125 322.468 431.062 761.656 1035.687 1050.375 1183.718 1595.562 1610.906 1751.281 1863.375 1875.375 1916.000 2002.312 2013.531 3185.750 
-1790.094 -1755.188 -901.719 33.250 378.062 844.218 1048.062 1101.656 1524.062 1660.968 1924.687 2039.125 2880.906 2977.437 
-848.969 52.500 332.437 581.562 987.250 1056.687 1155.343 1560.031 1828.437 1840.125 2097.000 2494.062 3660.031 3859.468 
37.562 53.375 744.156 834.625 993.218 1127.750 1502.375 1579.468 1730.250 1868.156 1931.437 1984.625 3130.687 
-166.407 45.125 281.500 511.718 789.937 970.656 1011.062 1102.812 1461.406 1517.250 1602.968 1828.218 1866.593 1962.281 2036.375 2147.593 
-1563.625 -269.157 41.312 952.031 1092.093 1797.937 1870.187 1964.750 3668.812 
-784.438 36.656 47.000 180.093 458.000 634.093 881.937 1144.437 1226.156 1621.656 1891.843 2059.531 2671.937 
