-526.032 30.156 158.468 161.968 167.437 1079.906 1108.625 1385.187 1520.718 1581.656 1740.312 1997.875 2065.687 2262.750 
-1530.250 -1527.313 -1175.313 -1017.688 -64.750 357.093 628.000 1082.937 1098.125 1122.531 2004.781 2130.062 2146.781 2203.093 2508.218 2901.906 
-1890.157 -1835.250 -1447.625 -165.000 392.562 706.437 1088.375 1114.218 1338.406 2037.406 2055.781 2112.687 2122.437 2160.625 2341.937 2508.312 
-1823.375 -1472.563 -1246.563 -587.657 -481.313 23.625 35.875 158.375 335.031 923.500 1079.750 1122.031 1530.531 1674.093 1822.281 1882.875 1917.937 2015.718 2066.875 2127.500 
-1404.250 -211.125 29.218 143.218 242.093 249.437 347.593 919.875 1126.875 1954.593 2065.781 2110.843 2194.218 2242.875 2335.593 3413.781 3821.406 
-1888.469 -1340.250 -999.282 -603.719 -434.875 -429.844 957.687 1075.750 1127.625 1815.187 1867.906 1965.781 2109.000 2115.843 2194.062 2377.750 2648.375 2858.343 3634.937 
-522.344 -505.844 40.875 1135.062 1354.312 1814.875 1866.031 1956.437 2069.031 2123.250 
-472.344 -463.782 67.062 863.218 1962.843 2071.343 2117.031 
-1389.344 -195.063 31.843 318.812 924.093 1126.656 1584.093 1952.312 2117.500 2323.562 2508.156 
-1102.625 -887.719 -707.719 -206.125 -195.750 200.437 410.312 650.500 689.000 978.281 1263.968 1927.375 2056.718 2074.718 2115.187 2459.218 
