-75.000 31.906 845.000 1237.687 3755.750 3838.281 3903.687 
-1385.000 -836.032 -619.719 -616.188 -494.657 -411.844 24.812 41.750 742.781 1166.656 1298.062 2900.531 
-1843.438 -895.469 75.500 580.593 582.562 2598.250 3135.218 
-1328.563 -974.000 -124.532 -65.125 310.875 579.593 958.500 1223.156 2063.468 
-1827.875 78.812 352.750 585.625 910.656 1214.125 1329.343 1355.125 2539.562 2862.000 3133.218 
-1501.125 -1445.032 -1367.063 81.718 425.968 1370.937 2580.062 3797.812 
76.437 98.781 104.937 125.031 653.250 828.437 831.375 1215.437 1636.593 2074.531 
-1960.125 -937.250 -908.782 -661.282 32.437 80.093 227.437 268.031 1249.250 2341.093 3214.000 3592.437 
-1785.032 -662.344 33.718 73.593 581.437 770.343 1010.031 1144.843 1386.250 2293.000 3859.843 3867.062 
31.250 418.906 773.343 1012.406 1029.125 1062.437 1340.156 
