-1779.532 -555.219 82.500 359.406 503.312 966.093 1053.750 1137.281 1286.531 1389.562 1516.125 2236.156 
-1827.875 -1811.594 -1604.875 -273.625 6.093 80.593 538.625 731.906 820.187 907.437 964.000 1051.500 1261.187 1403.343 1667.437 1789.250 1938.843 2008.593 2083.125 2220.156 3503.968 
-1937.844 -1251.594 -1246.094 -584.688 -452.063 35.656 223.750 363.343 432.281 501.062 748.312 963.843 1247.031 1403.343 1457.250 1707.812 1822.937 1929.468 2092.906 2171.906 2285.406 2904.625 2909.843 3806.906 3815.812 
-1084.750 -418.344 33.625 203.812 366.937 512.281 1115.062 1116.718 1370.906 1412.281 1540.781 1653.562 1832.343 1868.375 1963.000 2032.562 2220.812 2391.781 2608.687 2780.812 3871.968 
-1277.844 -805.782 -639.907 -603.594 45.437 159.687 213.843 334.062 357.531 364.812 690.125 752.156 926.875 1085.656 1262.718 1271.812 1412.093 1625.250 1703.156 1887.531 1965.875 2126.781 2250.218 2293.437 2812.625 2817.093 
-1535.188 -357.407 36.062 46.187 365.156 467.281 471.187 568.125 606.218 828.375 863.375 952.406 1147.562 1246.937 1267.500 1321.593 1365.062 1465.656 1718.968 1817.281 1837.375 1961.750 1992.343 2071.875 2182.562 2305.906 2433.000 2711.625 
-1441.563 -1080.750 34.312 98.000 167.718 220.281 602.375 641.593 734.531 967.281 982.312 1076.750 1107.000 1266.781 1360.781 1657.093 1660.468 1870.062 1961.781 2032.031 2072.968 2206.125 2912.468 3394.718 
38.218 219.531 736.406 833.625 1084.343 1702.500 1879.187 1966.531 2076.312 2317.218 
-678.782 35.812 53.125 210.687 366.312 550.343 707.218 736.156 962.468 987.343 1089.468 1294.875 1402.250 1583.062 1715.156 1906.937 1951.968 2076.093 2124.312 2369.062 3180.750 
-1114.907 -759.657 -417.407 -307.750 -301.532 30.062 207.593 513.718 553.156 1022.093 1254.718 1350.781 1401.875 1463.125 1623.062 1707.093 1820.687 1905.218 2000.406 2073.187 2172.781 2273.562 3346.343 
