-1099.813 25.375 159.625 350.031 379.125 1914.468 2479.218 3809.125 
-1678.500 -1058.594 -1047.813 34.156 38.218 40.875 281.718 450.531 1167.031 1227.781 1431.406 2085.437 2268.843 3639.500 
-1574.157 -1442.219 -1154.375 -461.625 34.468 65.281 164.031 293.968 702.218 805.531 1289.593 1426.437 2102.375 
-925.157 -700.813 246.500 670.343 979.375 1273.843 1322.750 1331.093 1362.437 1437.656 1850.812 
-1228.532 53.406 927.250 1015.000 1029.531 1139.281 1735.875 1739.843 2631.843 
-1473.094 -819.969 -325.563 29.531 60.062 152.968 160.125 160.937 673.593 1076.031 1145.468 1365.812 3126.437 3165.531 
-1207.782 -846.157 -764.063 30.781 213.031 928.718 1351.875 1642.781 3131.031 
-1442.032 -154.844 61.781 63.593 115.750 318.750 585.718 654.812 1360.937 2473.937 3356.968 3362.218 
-1727.813 -1608.375 -1358.344 -31.094 78.250 176.093 639.687 924.906 1024.468 1322.593 1330.343 1357.937 2659.781 3945.468 
-1897.844 -1074.219 -1068.563 -575.907 -151.688 -140.032 34.750 1811.312 2432.156 3718.343 
