58.906 134.781 215.875 665.093 3520.531 3767.312 
-1305.375 23.500 156.562 741.000 803.562 842.281 961.656 1208.093 1282.062 3378.562 
-1883.500 -918.188 59.750 312.843 336.531 580.500 982.562 1221.937 1227.750 1372.687 2779.375 
-58.938 50.062 108.500 170.750 321.968 455.531 719.250 845.843 908.000 1252.656 1488.625 1579.687 2394.718 2760.968 3414.968 
-1286.188 -277.563 -264.594 39.906 173.187 200.718 280.906 549.093 759.281 793.062 1065.281 1183.968 2524.718 3608.375 
-1793.375 -1787.063 -1194.157 41.437 283.000 605.062 720.187 855.187 916.218 981.187 1092.906 1105.906 1578.187 2422.343 3066.593 3606.437 3715.375 
-1810.344 15.937 42.968 464.375 646.656 751.562 886.437 2377.343 3487.968 
-1198.750 -591.719 -180.000 75.312 438.812 456.031 627.718 1022.218 1271.281 2230.218 3179.500 
-963.157 45.031 230.250 284.406 528.625 597.000 656.593 737.718 872.812 2554.093 3746.000 
82.687 503.000 673.218 781.937 945.062 2690.093 2830.343 
