219.312 277.281 312.187 391.750 436.375 544.062 546.343 710.906 787.031 832.718 897.843 900.781 951.937 1064.031 1402.156 1596.500 1646.156 1651.625 1653.125 1844.250 2878.500 
24.812 37.437 218.031 253.250 286.437 305.968 317.406 409.593 545.062 545.750 760.281 900.281 927.468 959.312 990.843 1060.875 1101.250 1251.250 1269.812 1295.468 1495.093 1566.937 1649.875 1739.093 1777.156 1838.218 1887.843 
24.500 25.281 36.343 183.343 273.875 287.031 412.093 547.687 584.937 643.562 647.468 755.968 831.906 893.062 962.968 1063.656 1153.656 1210.187 1455.968 1464.125 1804.281 1865.937 1876.187 
24.937 50.718 183.187 217.375 275.843 286.781 426.656 435.281 671.218 700.968 760.718 1063.593 1063.937 1066.875 1147.531 1392.187 2710.125 
25.187 30.281 182.375 286.468 286.718 319.000 545.500 546.593 579.343 645.968 722.875 756.625 829.750 831.093 849.312 902.312 912.343 1063.468 1152.625 1238.343 1307.218 1392.687 1396.937 1490.718 1539.906 1614.406 1706.406 1844.281 1985.562 
25.968 26.468 30.187 435.343 545.656 563.812 644.531 785.562 790.062 830.687 832.312 834.750 1064.750 1067.281 1155.593 1303.625 1392.250 1392.937 1458.937 1490.750 1601.562 1655.312 3185.000 3202.562 3491.562 
74.187 183.937 277.718 408.343 547.500 594.593 670.062 756.312 793.000 885.406 1020.500 1065.000 1110.000 1151.968 1491.718 1793.125 1808.937 1840.031 1891.687 
70.062 254.718 298.125 394.375 434.750 548.093 645.093 792.437 817.687 834.281 1151.031 1301.281 1394.468 1681.312 3718.437 
259.000 707.000 759.812 832.750 862.343 884.531 905.218 1025.156 1463.781 1656.843 1661.281 2199.468 
393.593 503.593 832.062 885.718 1026.500 1685.187 
