124.531 125.593 165.468 243.125 247.156 279.937 515.906 518.562 583.218 639.281 640.437 642.093 1197.812 1281.437 1285.812 1400.656 1614.062 1627.187 1880.687 3386.281 3817.125 
26.781 35.937 124.343 130.625 169.625 241.937 243.312 280.593 398.343 430.437 471.437 502.125 816.156 819.562 825.312 1248.875 1280.656 1337.125 1355.125 1356.875 1387.656 1435.937 1469.625 1561.593 1687.625 1705.500 2014.812 3698.656 3736.468 
39.281 125.281 175.437 320.593 355.937 424.500 478.062 592.656 639.281 825.437 1132.343 1136.406 1158.906 1165.062 1337.375 1355.593 1467.250 1561.687 1629.562 1691.406 2909.656 
36.343 37.187 38.906 80.281 125.187 130.625 323.437 327.687 503.375 639.750 640.093 1131.812 1152.875 1281.781 1336.093 1358.375 1470.031 1518.500 1554.406 1614.750 1627.312 1687.968 3542.375 
36.562 38.250 126.875 128.218 168.250 179.062 243.562 244.781 320.156 321.875 350.875 471.906 481.218 640.218 640.875 643.437 826.031 1117.343 1177.031 1282.312 1319.125 1354.375 1355.312 1388.125 1517.625 1518.625 1520.093 1561.187 1562.156 1688.500 1689.281 1788.718 2588.593 
62.906 126.156 244.250 244.875 247.562 351.468 411.687 520.312 576.843 639.468 640.000 1131.437 1159.593 1319.281 1357.687 1387.250 1469.625 1541.062 1567.718 1689.718 1840.437 2936.906 2968.343 3252.125 3253.312 3255.531 3449.562 3478.437 3894.843 
93.093 125.375 126.218 279.437 282.062 320.562 432.687 640.531 1320.656 1356.312 1518.437 1560.562 1689.437 1869.125 
131.187 320.031 501.625 502.968 640.875 1133.093 1134.468 1286.937 1320.062 1389.281 1427.781 1629.375 1807.937 1874.812 1953.343 3836.656 3956.125 
243.875 351.031 478.343 480.937 641.281 644.031 1097.687 1177.937 1357.937 1431.218 1690.531 2052.937 
836.031 1132.937 1180.406 1281.312 1387.156 1519.125 1693.000 1877.718 
