333.843 371.625 416.406 487.156 582.406 727.750 738.125 925.468 1002.312 1225.562 1261.187 
39.031 90.437 126.281 137.343 279.000 320.218 412.625 913.906 1002.687 1113.125 1114.031 1224.218 1405.406 
36.031 70.750 94.812 265.968 327.593 377.125 434.937 468.125 740.875 774.750 815.218 926.687 1002.718 1219.093 1219.781 1220.531 3040.781 3218.562 
25.000 88.593 252.468 264.125 276.656 333.593 414.406 468.343 531.500 534.062 550.281 631.656 921.468 1008.000 1065.968 1081.000 1117.031 1224.156 1243.156 1315.812 2252.312 3211.156 
62.625 68.937 90.375 92.156 219.625 266.593 331.312 414.281 469.437 491.750 557.562 581.406 780.125 819.656 849.375 1004.250 1080.875 1262.031 1262.781 1970.625 2765.875 2777.812 2788.843 
27.312 70.812 95.000 145.406 264.468 417.187 464.875 592.656 638.156 723.718 775.812 800.312 828.937 932.375 1081.875 1082.625 1083.062 1116.500 1189.406 1229.156 1299.375 1577.781 2900.781 2933.343 3309.906 3465.093 3867.468 
139.156 265.968 330.718 372.406 417.062 465.343 579.906 850.062 1002.781 1082.375 3357.468 
298.406 332.187 417.062 427.218 438.375 581.281 761.625 847.906 930.312 1082.843 1132.250 1222.781 1406.031 2403.125 2965.250 
142.812 323.718 643.156 737.312 822.000 924.750 988.937 1317.281 1363.125 
1003.812 1008.343 1129.406 1221.218 1333.343 1335.562 1409.218 
