20.156 32.031 216.187 449.343 449.718 589.531 796.968 798.000 859.468 920.625 954.125 956.531 1030.468 1035.375 1083.812 1322.468 1404.968 1437.968 1539.468 2067.218 2077.031 2792.468 3909.718 3941.437 
16.750 31.718 79.906 126.468 201.562 237.343 342.718 405.718 410.406 700.750 765.781 770.875 796.750 1036.000 1280.625 1282.812 1363.250 1531.968 1617.062 3105.375 
16.125 103.218 152.906 241.218 276.531 316.250 449.062 502.625 589.312 681.718 845.875 848.062 1080.156 1082.500 1166.500 1195.250 1221.750 3375.750 
103.843 362.000 451.031 504.843 561.437 588.562 649.781 699.375 795.531 1167.156 1220.875 1225.187 1312.468 1365.812 1404.750 1506.843 1570.093 1581.968 2470.375 3003.906 3032.218 
21.937 35.031 70.843 112.437 127.718 155.906 197.281 230.312 250.343 277.625 279.625 342.781 345.937 363.375 469.062 505.000 796.531 817.593 821.531 889.187 951.187 955.656 1080.031 1167.062 1196.156 1286.906 1366.687 1405.687 1487.781 1490.187 1514.531 1605.812 1728.718 2171.625 
56.187 74.812 196.718 454.781 506.562 683.718 803.218 900.937 920.000 924.812 948.687 1030.468 1128.406 1165.500 1170.718 1251.531 1324.562 1489.437 1518.625 1659.125 1661.406 1664.343 1714.500 2333.906 2564.750 
506.812 591.593 647.937 713.656 1035.968 1117.812 1517.687 1662.093 2182.156 3212.156 
128.562 454.750 502.218 567.156 801.656 1128.406 1221.437 1518.812 
281.062 297.656 352.562 415.468 507.500 568.312 1157.406 1288.250 1487.875 
1521.625 
