35.687 158.156 442.656 470.656 473.437 562.218 637.875 746.750 774.687 846.750 1187.531 1287.562 1487.843 3384.093 3542.437 
35.906 66.625 67.718 150.343 154.875 228.000 384.031 432.000 439.281 466.500 558.125 566.000 633.187 653.187 710.531 711.343 774.625 953.968 967.093 979.281 1101.000 1241.281 1260.062 3645.031 
42.906 104.156 163.937 269.906 493.218 569.625 952.656 1093.000 1095.218 1186.437 1187.593 1353.562 1415.062 1496.875 
34.843 36.125 39.687 105.250 153.187 156.218 223.687 323.375 326.968 468.687 475.406 557.875 567.437 630.843 654.562 706.625 710.906 747.812 846.812 985.437 1002.218 1073.812 1089.531 1140.875 1285.687 1336.968 1357.968 1420.281 1453.281 2222.593 3876.500 3890.312 
35.625 160.562 185.500 195.218 199.437 233.437 243.062 379.562 384.625 442.343 473.625 545.218 559.843 560.968 652.000 711.500 907.343 953.500 1006.468 1071.875 1094.687 1190.187 1283.031 1383.968 1452.531 1497.875 2766.687 2769.687 
271.000 383.843 471.843 490.812 559.375 563.500 711.531 712.531 780.250 856.156 1071.031 1111.750 1190.218 1280.750 1353.625 1987.250 2171.875 
38.500 273.562 313.531 386.843 433.031 635.937 712.312 1094.906 1098.187 1277.375 1454.250 
41.625 198.125 221.562 413.750 565.125 713.343 747.625 751.687 1194.937 1263.593 1358.781 
41.500 566.812 1139.500 1260.812 1317.343 
316.062 784.031 1500.687 
