76.968 373.562 423.218 518.250 534.875 670.031 845.656 848.875 1050.156 1141.812 1407.062 1423.093 1499.281 1607.156 1756.937 1760.156 2146.406 2245.843 2566.468 3333.281 3768.187 3800.781 3847.593 
410.218 553.718 606.656 682.281 760.000 813.218 848.093 852.281 963.625 1045.312 1047.687 1049.718 1496.250 1497.343 1760.718 2238.500 2239.281 2240.468 2369.156 2462.218 3977.968 
50.312 78.031 317.750 373.531 377.187 410.687 412.781 482.781 535.187 668.343 669.031 845.437 847.187 848.218 849.312 1048.031 1142.375 1282.656 1319.781 1339.875 1406.468 1757.218 1806.906 1856.687 1982.687 2242.437 2501.343 3840.718 
19.500 68.843 317.375 385.250 413.562 537.562 548.781 553.593 603.437 668.062 857.156 860.218 911.375 1023.781 1049.656 1141.281 1141.968 1142.937 1214.375 1230.406 1318.875 1404.500 1404.968 1498.093 1572.843 1942.031 2025.218 2141.968 2142.875 2146.812 2239.656 2462.062 2501.500 2743.406 
19.531 20.812 76.437 250.843 304.312 316.562 320.343 473.812 477.500 554.500 666.468 674.531 726.562 978.468 1045.156 1046.500 1142.218 1208.093 1321.125 1404.593 1405.312 1501.187 1780.937 1952.281 2370.656 2460.968 
63.218 128.937 243.312 316.968 317.843 411.625 412.812 414.562 416.843 537.187 541.125 550.625 670.406 1104.281 1108.281 1143.781 1323.875 1467.343 1545.906 1574.312 1758.781 1945.656 2035.218 2039.937 2062.281 
23.812 132.093 318.281 412.875 550.000 666.781 681.218 849.781 911.656 1046.468 1142.812 1405.625 1434.781 1844.968 1846.000 2148.468 
90.031 378.031 411.312 414.406 666.906 715.937 847.843 1043.781 1104.093 1323.906 1500.312 1502.343 1846.031 1873.312 1878.593 1927.218 2015.187 2094.156 2145.125 2243.375 
81.000 197.343 201.593 667.281 668.156 716.187 849.843 911.281 1144.656 1276.687 2118.656 2368.218 2502.968 3589.531 
80.343 317.562 532.875 567.593 849.406 1759.812 1807.875 1811.156 
