15.812 20.000 146.937 159.812 202.500 368.968 603.343 718.687 1094.031 3226.312 3247.562 
16.406 35.531 48.625 71.062 125.343 367.625 556.375 567.312 603.437 621.000 717.406 776.781 882.906 883.718 1094.093 1130.500 2688.187 2871.125 2871.375 2873.343 2874.656 3750.625 3900.593 
16.906 67.343 126.812 130.312 156.218 247.156 716.562 778.906 885.687 967.718 2373.875 3250.406 3280.468 
15.531 28.375 29.750 37.375 67.281 90.250 131.125 381.343 400.906 455.593 536.531 606.750 614.000 621.312 775.093 780.062 884.312 886.187 967.906 1827.437 2663.906 
16.656 34.687 125.750 137.125 204.718 207.625 209.187 248.093 267.687 456.531 460.062 568.562 608.562 612.593 645.218 717.562 768.812 886.687 1014.312 1049.656 1661.750 3693.906 3694.687 3702.593 
21.187 149.062 204.562 207.906 477.093 508.750 536.937 604.875 607.906 645.968 836.187 887.687 1002.906 1066.250 1069.593 1091.000 1158.187 1370.187 2115.062 2210.656 2240.062 2242.750 2339.781 3640.750 
17.718 22.000 36.625 137.218 316.625 608.375 620.906 835.343 840.593 886.312 888.281 974.468 1135.406 1695.125 
18.250 72.062 101.562 148.187 159.718 212.218 319.375 374.031 375.843 461.187 499.843 630.343 720.781 745.937 774.593 820.468 886.062 887.218 1024.093 
16.687 31.687 334.312 365.062 550.031 609.531 648.187 888.906 
375.343 556.468 722.218 822.343 887.343 
