74.468 185.625 187.812 303.281 304.968 350.312 500.343 704.531 814.093 837.093 901.500 1334.562 1571.718 1846.500 3410.906 3886.125 3895.187 3910.406 3914.312 3928.718 3930.406 
45.343 92.312 107.875 209.187 302.593 323.625 456.968 502.500 731.875 1119.531 1223.812 1436.093 1568.562 1627.843 1724.062 1790.812 1792.125 1852.406 1853.562 1886.687 1941.593 1973.343 1986.406 2036.187 
172.250 303.281 515.750 548.812 619.750 818.593 837.781 940.406 1124.812 1399.125 1496.437 1786.906 1851.656 1852.875 2032.375 2072.468 2081.781 
104.625 169.500 170.593 172.093 210.718 304.406 456.437 662.656 818.781 941.468 995.625 1120.156 1269.656 1271.093 1438.687 1570.187 1572.000 1574.812 1599.718 1602.906 1615.031 1810.000 1815.875 1851.562 1853.156 1937.968 1971.531 2132.375 3727.437 3727.968 
44.343 96.718 137.406 147.031 180.812 182.156 387.750 455.625 497.562 498.218 570.187 817.156 872.500 875.562 893.750 941.687 944.375 968.843 1054.156 1121.156 1123.531 1153.812 1311.000 1323.218 1628.750 1630.187 1676.343 1809.218 1854.718 2133.781 3071.093 
359.656 390.562 405.875 502.000 838.750 872.593 908.875 929.968 1064.750 1072.500 1188.343 1255.781 1272.718 1396.906 1568.875 1739.781 1855.062 1886.125 1941.437 2140.562 2906.437 2909.687 2914.093 3158.593 3278.031 
535.656 971.843 1438.781 1572.281 2006.875 3747.312 
150.125 543.843 746.500 1013.968 1154.750 1855.281 1856.125 2171.812 
90.781 212.562 332.937 457.562 563.750 739.218 840.875 902.468 1122.343 1146.875 1589.718 1738.750 1809.062 2238.312 3064.718 3068.687 
413.656 726.343 2149.218 
