22.593 98.312 254.687 287.531 321.875 371.312 403.906 452.187 472.093 550.281 904.468 1064.187 1088.750 1230.906 1265.125 1371.718 1863.031 1864.250 1867.250 
20.281 39.437 74.687 116.562 235.187 329.437 332.750 379.781 450.343 517.937 530.781 609.281 870.218 878.062 976.437 1088.625 1090.125 1092.031 1258.625 1287.062 1292.218 1354.250 1387.125 1421.031 1599.218 2516.843 
40.562 224.250 371.812 403.812 448.875 452.000 519.656 551.156 606.125 674.500 716.500 723.968 750.718 906.781 1198.750 1317.468 1400.843 1490.687 2665.531 3119.218 3331.187 3452.312 3463.593 3470.281 3495.718 
69.468 108.562 109.625 112.281 185.718 402.625 403.593 451.062 475.343 683.750 844.062 901.500 902.375 906.937 970.531 971.437 1028.312 1066.500 1089.093 1162.656 1163.625 1167.312 1290.750 1321.125 1510.843 1598.093 1657.625 3257.250 
22.343 46.281 104.625 111.718 112.375 212.031 290.031 293.125 329.593 452.750 496.500 502.062 521.406 535.656 606.906 650.281 750.687 751.750 779.656 905.156 905.500 962.750 971.437 1023.125 1087.312 1287.093 1317.687 1322.031 1423.218 1540.937 1542.625 1606.593 2330.187 2803.906 
23.937 39.843 221.062 252.062 293.781 369.687 455.406 504.375 525.187 568.343 587.593 718.531 821.875 880.156 975.250 1090.437 1275.718 1482.500 1541.437 
40.000 371.125 405.125 455.250 905.625 1261.000 1369.281 1544.937 
225.125 254.375 330.406 620.687 681.687 752.562 766.937 1171.031 1406.437 1424.718 
112.343 373.625 607.843 
40.968 640.906 1207.750 3550.625 
