76.375 131.250 204.062 229.156 233.562 265.281 266.343 267.437 396.062 399.187 441.312 637.406 687.343 688.531 849.593 852.843 952.000 1037.875 1082.937 1215.562 1237.843 1283.062 1334.406 1565.437 1670.500 1701.156 1777.812 1873.781 1878.093 1994.968 2187.937 3305.093 
70.218 199.375 209.375 232.812 234.250 441.656 561.593 574.531 738.062 740.062 850.531 1089.468 1214.656 1240.781 1336.375 1561.156 1564.218 1697.656 1699.125 1874.125 1881.718 1991.031 2109.000 2191.093 
40.625 74.656 378.062 563.125 635.812 639.812 736.500 807.281 848.531 933.437 996.812 1057.062 1079.343 1132.718 1240.593 1243.468 1328.625 1329.937 1474.000 1570.218 1631.031 1702.218 1774.625 1811.125 1892.437 1989.687 1990.187 2052.125 2223.281 2302.781 
71.562 126.031 126.593 230.406 297.718 398.937 404.562 435.906 561.218 635.718 645.250 735.312 853.562 911.218 1215.718 1233.718 1282.218 1294.718 1329.750 1451.218 1562.250 1641.218 1698.468 1778.687 1800.375 1945.250 1947.312 1983.718 1990.468 2069.250 2071.218 3029.656 
126.562 135.218 219.312 437.718 561.375 850.625 852.906 910.750 937.125 985.562 1153.343 1217.437 1247.468 1330.468 1332.656 1525.250 1560.656 1564.156 1698.375 1698.875 1699.812 1701.843 1782.250 1915.750 1990.875 2051.812 2082.031 2229.875 2818.093 3094.343 3144.625 3548.687 
24.000 26.468 35.875 202.093 234.093 269.093 329.593 352.875 391.750 437.625 561.406 590.281 691.312 720.093 850.406 856.187 913.031 1007.031 1215.875 1218.843 1220.593 1331.062 1331.656 1487.656 1699.843 1776.906 1942.937 1953.593 1989.312 3054.312 3644.968 
40.031 66.875 234.625 269.906 405.500 504.875 742.781 952.750 1077.687 1157.312 1221.625 1453.062 1740.437 1944.218 1950.156 2007.281 2104.281 
66.218 199.968 201.406 637.031 810.343 851.375 853.718 912.375 989.125 1332.562 1447.718 1450.156 1568.625 1879.312 2071.125 2192.531 2871.500 
40.437 132.406 400.937 505.468 640.812 747.843 995.187 1092.531 1997.187 2173.218 2188.906 
161.437 199.937 235.750 251.406 802.750 1225.312 1332.781 1532.156 1700.187 1833.500 1991.312 2229.406 
