83.375 98.375 102.437 137.218 214.468 227.562 314.375 397.718 415.125 486.812 610.593 647.468 690.875 774.375 787.781 815.187 950.843 1518.406 1615.375 1654.281 1771.531 1797.968 1822.062 1886.062 1952.843 1953.468 2000.718 2148.031 2277.875 2394.656 3561.000 
83.281 83.468 134.093 213.312 269.000 314.937 371.531 517.687 613.718 780.562 848.937 913.125 1013.875 1254.187 1354.031 1503.937 1692.656 1771.250 1771.625 1789.500 1868.593 1956.406 2248.250 2284.406 2293.843 3709.750 3980.812 
134.468 241.281 248.000 443.406 516.468 532.718 810.968 816.531 911.093 918.000 977.687 1023.250 1099.562 1239.875 1276.218 1283.468 1351.281 1358.093 1394.812 1516.281 1620.875 1770.593 1772.750 1800.437 1840.781 1851.750 1866.218 1871.437 1880.000 1953.968 1954.531 1957.531 2912.093 3254.625 
99.593 135.187 136.218 230.687 285.468 395.656 415.875 450.687 810.062 873.125 919.937 929.187 1053.406 1256.625 1394.906 1395.187 1647.312 1653.812 1700.281 1772.843 1818.812 1883.937 1977.593 1979.218 2062.500 2094.812 2245.156 2279.343 2358.468 3628.218 3642.187 
98.468 109.468 248.562 271.562 358.718 374.812 580.406 612.562 646.562 699.281 784.718 786.781 1099.343 1121.156 1259.781 1395.906 1514.375 1515.812 1771.062 1798.937 1822.281 1870.437 1953.343 1956.031 2214.937 2284.750 
92.500 138.406 360.562 377.031 426.843 511.750 561.156 649.656 793.125 876.375 949.218 955.750 1143.531 1155.468 1355.156 1394.468 1395.281 1397.937 1512.312 1515.625 1533.437 1614.343 1648.781 1692.312 1788.437 1798.312 1798.750 1839.875 1881.750 1980.531 2062.562 2114.812 2172.500 2245.500 2246.468 2399.281 2506.406 3445.187 3848.218 3865.343 
101.500 315.687 418.531 581.437 815.656 916.312 975.093 1138.312 1237.437 1468.843 1518.875 1653.125 1800.656 1804.625 1839.968 1982.062 2249.031 2277.625 3907.906 
99.093 133.625 276.031 421.781 731.156 787.500 951.312 1102.218 1464.156 1613.093 1648.125 1649.468 1755.468 1772.718 1822.906 2061.625 2250.281 2274.656 2302.281 
135.937 420.843 577.687 719.906 736.781 1140.625 1615.093 1648.125 1650.718 1815.531 1818.000 1824.343 1957.250 
101.375 271.218 449.375 579.375 789.000 816.437 1254.750 1354.187 1517.437 1649.687 1804.093 1956.875 
