19.531 27.281 55.500 163.406 187.187 256.281 341.687 398.500 433.218 552.937 555.375 781.843 869.531 919.687 950.500 1038.687 1156.187 1270.156 1293.656 
28.437 95.125 101.468 109.406 255.468 256.312 548.656 834.718 919.218 939.031 974.937 1172.812 1423.062 2157.437 
15.843 18.593 65.500 110.343 452.781 554.843 786.093 832.437 1157.500 1307.312 2042.687 2043.281 3858.375 
18.031 20.468 59.375 170.812 175.375 202.062 220.468 348.718 432.968 437.312 554.937 704.093 785.156 878.968 918.968 919.843 948.906 1029.062 1034.875 1248.000 1394.593 2084.875 2646.531 
64.437 68.593 81.031 130.656 278.562 342.968 437.312 454.062 524.593 550.187 552.343 552.781 570.031 592.937 699.781 881.000 885.906 919.625 950.312 1022.093 1128.937 1156.000 2081.437 2148.468 2972.375 2975.250 2978.468 3209.875 
17.812 29.625 164.187 164.875 202.843 224.343 261.250 397.281 435.531 437.656 454.875 478.531 571.906 574.031 580.343 672.406 754.531 785.875 815.062 817.812 872.312 884.437 921.218 950.656 1187.750 1248.843 1256.687 1414.937 1436.156 1510.406 2780.281 
16.281 261.218 300.906 342.000 370.187 432.718 437.406 550.531 704.000 920.875 977.781 1127.375 1159.500 1270.093 2410.343 3688.562 
70.437 89.750 163.562 231.031 528.656 919.750 1039.593 3090.781 3092.000 
230.375 404.468 521.843 553.593 949.187 1076.750 1421.843 2864.656 
84.656 151.875 204.312 1234.468 
