39.500 530.281 535.093 558.125 596.843 625.718 963.687 1272.312 1280.375 1557.375 1565.843 1636.906 1788.968 1917.843 2022.000 
23.593 39.437 49.531 173.437 225.687 402.187 487.062 531.968 552.843 625.687 880.281 885.062 992.281 1087.656 1143.500 1275.562 1360.062 1446.593 1453.156 1596.750 1635.437 1701.593 1703.906 1932.375 1952.468 
73.968 158.000 168.375 290.406 558.250 629.000 696.375 717.375 936.718 1125.500 1357.000 1361.312 1413.156 1544.812 1704.437 1823.562 1863.625 1952.593 3126.718 3341.968 
39.718 40.750 50.187 77.250 80.906 201.562 266.593 414.218 588.281 627.187 689.218 881.437 962.812 966.875 1447.562 1450.437 1556.812 1560.906 1702.593 1791.531 1863.375 1917.593 1930.656 1951.531 3058.593 3971.125 
25.687 28.187 41.406 167.718 302.343 304.843 353.156 390.906 412.906 581.531 690.500 694.218 747.625 757.625 765.031 879.656 1000.000 1107.062 1143.125 1144.000 1166.625 1190.843 1276.562 1411.781 1449.562 1513.718 1703.031 1706.406 1757.437 1859.875 1921.593 2109.343 3281.437 
42.343 51.312 72.343 88.156 267.875 269.343 272.062 348.093 398.625 481.093 626.906 741.343 799.187 832.625 838.656 881.312 975.281 1005.250 1006.312 1081.093 1092.468 1107.343 1169.875 1195.343 1205.656 1277.562 1281.593 1423.187 1454.375 1516.062 1641.250 1709.812 1714.375 1791.656 1890.625 1955.875 1997.562 2892.656 
87.718 293.687 477.750 545.000 560.468 742.406 749.875 885.062 1134.531 1189.125 2021.781 3108.937 3481.687 3621.375 
77.687 358.531 557.531 590.656 760.625 817.375 1060.750 1100.093 1304.031 1587.250 1645.187 1860.656 3530.593 
28.468 52.093 269.312 630.718 728.531 733.031 936.062 1107.812 2248.187 3180.031 
45.250 167.906 1034.218 1119.812 1567.187 2083.906 
