34.343 236.843 313.375 336.687 434.218 435.093 531.718 551.500 650.656 761.062 1440.468 1476.812 1492.625 1717.718 2139.750 2205.031 3128.906 3205.406 
238.593 465.218 512.593 580.000 653.093 654.843 674.218 691.093 691.812 735.906 906.656 1130.812 1245.125 1246.593 1476.468 1563.562 1599.031 1601.500 1625.062 1719.500 1845.781 1879.250 1886.468 2062.593 2722.656 2728.843 
18.218 38.312 53.031 113.843 430.062 433.875 440.281 493.312 679.062 769.375 1246.187 1247.125 1374.312 1411.312 1446.312 1477.406 1598.781 1865.468 
20.062 36.687 37.156 68.375 98.031 256.687 304.500 344.187 387.937 404.000 434.437 512.093 598.812 674.375 696.875 771.250 775.218 1133.593 1138.812 1246.343 1394.406 1478.281 1499.625 1711.250 1712.468 1767.843 1787.875 2472.031 3233.343 3412.250 
78.500 108.718 217.656 253.656 314.718 389.250 466.718 514.093 531.625 732.468 735.843 770.500 837.781 1134.875 1375.312 1441.343 1542.093 1563.343 1600.781 1604.968 1624.625 1949.156 
20.250 24.093 36.125 181.843 618.750 657.687 740.718 774.906 834.968 859.062 901.031 1075.000 1135.062 1246.812 1248.343 1373.968 1412.781 1494.562 1599.781 1626.406 1711.718 1802.687 2347.343 2424.343 2799.500 
536.656 598.531 681.000 1175.375 1200.656 1247.343 1294.125 1476.875 1566.468 1600.312 1625.812 1689.312 
433.375 468.812 758.437 903.843 
69.531 247.375 435.312 1204.687 
105.406 1139.312 1379.187 1382.312 1445.375 3927.000 
