163.875 329.843 386.437 504.031 507.375 608.281 703.687 758.562 931.281 1030.718 1090.031 1099.937 1214.031 1326.000 1374.843 1530.281 1533.843 1597.375 2773.812 3423.218 
26.875 38.531 51.500 68.593 160.531 161.125 350.875 486.968 501.281 502.031 504.125 601.593 735.218 835.750 838.281 928.625 1087.781 1228.750 1355.375 1363.906 1367.593 1497.156 
73.281 160.281 332.750 378.500 434.781 435.375 452.156 507.437 657.031 704.625 739.437 754.437 890.906 1091.062 1332.406 1499.218 
34.093 85.187 397.187 452.187 587.187 652.375 704.968 754.062 802.218 807.687 931.093 933.125 988.500 1032.125 1042.093 1081.718 1100.593 1214.531 1226.906 1257.562 1287.375 1328.906 1354.625 1388.718 1499.593 1599.125 1673.687 1893.531 
332.687 452.156 505.437 754.875 755.500 803.187 811.937 1026.625 1033.906 1227.500 1231.125 1259.531 1330.062 1364.812 1365.718 1465.593 1598.343 3032.875 3787.625 
39.187 85.468 161.312 178.281 211.562 292.093 368.218 368.750 402.437 453.500 484.875 503.656 585.468 591.125 757.562 891.875 933.593 1022.750 1029.937 1302.156 1329.468 1366.875 1618.500 1628.562 1719.031 3836.250 
505.500 706.812 840.218 865.156 1229.750 1286.656 1365.937 1463.343 1598.250 
86.593 98.281 705.906 756.375 803.875 807.125 810.093 1227.500 1300.875 1462.906 1533.125 1550.718 1719.312 2203.312 2229.468 
808.156 930.093 1030.968 1563.593 
1094.687 
