18.781 81.312 186.250 226.968 307.406 312.500 402.968 481.000 510.312 571.468 869.468 998.500 1234.625 1273.406 1306.875 1353.093 1386.187 1427.562 1589.281 1631.625 1653.843 1855.656 1857.218 3935.687 
18.156 50.343 55.000 179.625 205.031 215.125 365.312 513.343 728.031 795.281 1180.375 1191.562 1235.125 1304.781 1442.500 1466.531 1469.531 1512.187 1632.531 1656.906 1735.218 
47.687 85.281 180.750 351.156 890.968 1047.031 1052.562 1090.437 1174.687 1258.312 1302.812 1383.593 1470.625 1734.593 1800.000 1815.437 
201.375 206.500 247.656 307.187 728.125 805.781 874.906 891.906 939.281 1010.125 1074.437 1183.437 1259.937 1263.187 1307.031 1382.468 1412.000 1441.031 1467.281 1513.531 1635.656 1734.625 1913.750 2048.718 2845.968 2936.375 
21.218 96.406 174.375 215.937 246.375 264.500 321.031 509.343 574.593 750.468 773.812 802.750 805.250 879.281 892.781 895.843 1000.968 1303.812 1468.250 1506.156 1590.125 1631.406 1733.968 1797.562 1855.656 1997.312 
7.968 187.531 276.031 305.187 480.937 729.718 734.093 816.781 895.593 992.250 1054.187 1175.781 1193.531 1238.312 1272.281 1305.812 1390.000 1443.031 1447.500 1467.562 1469.250 1633.031 1657.687 1735.156 1817.093 1821.500 3703.812 3942.343 
19.281 20.187 187.031 214.875 732.406 779.562 966.125 1273.500 1357.000 1445.593 1618.218 1634.718 1910.156 3948.531 
510.218 728.375 750.906 871.781 1092.843 1141.937 1272.281 1274.531 1308.000 1385.406 1633.968 
806.468 995.156 1183.437 1307.343 1384.343 1553.718 1832.906 
823.375 1189.343 1385.125 1472.718 1513.593 1534.281 1655.937 3774.875 3943.750 
