65.812 82.500 475.593 479.062 488.718 532.375 643.500 692.968 695.437 805.500 806.500 945.125 952.843 1310.062 1331.031 1359.406 1581.906 1585.312 1589.468 1643.750 1888.437 1889.500 1980.312 2064.531 2169.625 2317.625 
73.937 83.687 209.906 628.656 650.500 697.593 712.468 807.218 924.125 950.062 1057.593 1250.062 1250.875 1253.687 1583.093 1586.406 1783.468 1961.656 2035.468 2061.656 2095.156 2293.875 2345.000 3441.687 
83.937 240.187 486.062 506.625 540.375 584.000 629.562 629.937 712.656 945.156 946.156 985.500 1055.125 1120.312 1581.468 1617.218 1628.750 1652.187 1862.156 1887.875 1946.187 2025.656 2098.875 2264.062 2313.625 
75.187 78.406 463.250 476.031 476.750 532.375 538.125 545.875 694.062 716.312 815.718 854.468 932.625 939.062 946.593 1055.843 1121.156 1266.500 1355.031 1380.343 1623.093 1632.093 1861.000 1946.406 1990.750 2066.312 2127.687 2137.812 2265.156 2319.593 
86.843 98.093 111.250 195.937 266.750 364.125 476.656 479.437 530.812 557.218 896.812 946.812 1077.250 1081.843 1154.500 1171.437 1354.031 1355.281 1374.625 1416.437 1755.375 1959.093 1963.406 2034.500 2066.500 2096.875 2266.000 2363.687 2394.218 2437.437 2963.000 
116.125 145.093 215.375 385.906 476.218 477.562 480.937 488.781 529.781 783.843 859.531 1053.156 1076.031 1126.281 1266.843 1581.562 1622.875 1691.843 1827.843 1863.281 1872.062 1889.000 1982.625 1984.125 2002.343 2099.281 2268.750 2435.281 3000.281 
64.468 75.875 80.156 630.656 680.718 716.375 720.687 721.062 786.375 946.531 1123.125 1355.281 1372.093 1631.375 1787.875 1960.250 2096.843 2171.156 2265.000 
117.375 632.062 685.843 787.250 789.531 1124.843 1157.343 1584.125 1789.687 1807.937 1863.406 
76.093 480.562 1094.218 1400.812 1626.718 1646.281 1711.343 2010.156 2037.187 2097.812 2293.343 
93.218 848.593 866.343 927.656 1206.781 1624.312 
