15.593 15.812 16.531 29.875 42.281 168.687 357.406 516.343 590.875 813.062 950.437 964.156 964.468 1186.906 1281.468 1402.937 1403.468 1469.000 
420.000 544.531 579.468 814.093 854.625 942.531 1080.218 1165.312 1280.593 1284.687 1407.343 2553.218 
305.125 363.093 465.562 514.937 558.937 579.250 628.500 739.875 740.625 797.218 810.156 853.875 855.343 1045.281 1166.562 2698.781 2699.562 2732.906 3331.093 
17.218 121.312 170.500 242.500 303.937 417.218 558.531 566.093 576.781 587.531 630.093 690.687 740.062 744.250 785.718 812.593 926.500 1079.968 1080.500 1083.031 1137.718 1211.343 1317.968 1357.031 1463.250 2180.375 2949.968 3276.531 3439.750 
93.593 96.937 98.437 154.812 187.468 356.125 361.250 403.062 580.625 583.843 629.593 630.750 632.062 739.750 787.625 899.406 1052.656 1137.031 1282.093 1288.531 1405.281 1576.281 
234.812 309.125 356.750 364.718 423.343 641.437 655.406 692.093 859.656 906.218 1003.562 1052.218 1171.375 1235.375 1283.125 1355.000 1835.937 
32.812 303.312 337.843 601.062 707.562 1084.468 1126.093 1232.968 1240.843 1281.875 1407.031 1491.125 3923.781 
359.062 454.281 465.562 543.437 585.218 629.281 905.500 1105.843 1410.562 
173.687 366.718 466.812 518.375 584.218 630.031 645.312 801.281 1283.562 3200.812 
359.968 424.625 557.156 579.062 634.437 698.125 857.625 1045.531 1460.812 3012.187 
