18.562 44.187 62.468 97.656 203.906 221.218 246.000 311.593 312.312 505.375 517.906 799.218 920.687 1268.000 1720.718 1738.250 2131.218 2178.781 2182.062 3592.187 3811.750 
62.000 95.656 186.281 517.875 660.875 789.156 869.562 1129.656 1228.687 1405.031 1431.343 1451.062 1467.968 1525.843 1664.843 1721.312 1740.093 1855.218 2177.937 2180.062 2185.500 2243.437 2452.500 3579.656 
18.250 18.562 62.062 91.156 114.125 473.187 509.531 623.906 676.781 748.062 913.625 1273.531 1367.000 1531.125 1650.468 1731.093 1818.281 1866.500 1939.000 1992.406 2069.781 2140.375 2177.656 2274.343 
50.312 109.812 118.718 442.875 454.843 470.812 476.437 509.562 675.093 710.218 739.875 749.187 830.062 948.312 961.406 964.718 992.187 994.562 1082.875 1271.312 1459.375 1462.375 1629.062 1651.375 1653.250 1740.937 1775.531 1864.718 1899.718 2138.593 2186.125 2273.937 2276.093 3031.968 3033.437 3036.218 3387.218 3943.031 
48.968 89.750 96.937 113.562 245.187 335.531 381.062 509.875 654.156 747.625 748.781 795.250 912.687 963.875 1030.187 1031.562 1059.906 1196.187 1233.500 1404.437 1467.531 1630.093 1740.906 1819.687 1992.406 2097.343 2110.187 2148.312 2182.218 2275.156 2430.531 2967.218 3123.281 
100.500 230.875 508.375 600.218 625.250 626.437 672.031 750.625 775.000 832.031 832.750 913.531 946.500 948.843 1031.406 1034.093 1074.500 1232.843 1270.968 1325.375 1335.937 1459.375 1523.812 1651.156 1871.281 1899.437 1939.593 2148.468 2178.781 2181.468 2181.937 2187.062 2275.500 2370.593 2432.656 3869.656 
237.093 674.968 749.156 913.812 974.687 1003.062 1272.031 1368.968 1652.531 1692.062 1819.937 3946.312 
63.468 94.375 340.281 515.437 636.593 832.562 835.187 1234.093 1333.812 1404.031 1944.437 2126.562 2130.156 2147.531 2179.468 2432.750 3915.687 3946.000 
195.218 507.843 561.875 683.156 1272.281 1422.343 1656.937 2092.656 3556.687 3685.781 
377.187 601.125 670.593 677.062 1245.625 1821.625 1822.843 1901.875 2180.062 
