93.843 140.937 513.312 574.062 697.968 702.062 732.062 819.218 919.125 1054.156 1254.500 1357.031 1492.781 1636.062 1708.687 1847.625 1861.625 1939.843 1962.843 2236.906 2351.906 2792.812 3045.750 3049.125 3078.437 3728.281 
18.156 67.656 98.593 337.625 378.062 405.625 433.437 627.718 679.218 816.562 1121.750 1252.625 1709.250 1772.843 1795.187 1816.000 1822.093 1933.656 1938.156 2034.000 2496.437 3557.062 3562.968 3595.593 
17.031 17.875 70.906 150.125 151.656 377.531 467.093 469.093 691.937 727.687 729.968 733.687 747.656 816.437 862.281 916.500 1000.687 1006.843 1119.468 1250.625 1506.781 1543.625 1545.531 1607.875 1794.562 1797.312 1868.406 2036.750 2500.906 2536.968 
17.500 18.406 84.812 97.531 197.500 280.531 361.000 379.062 430.750 525.843 573.281 577.906 654.531 659.031 690.437 693.625 730.531 837.656 918.218 950.562 994.843 1050.656 1052.406 1251.125 1252.875 1334.687 1357.937 1359.656 1504.968 1634.781 1710.906 1768.375 1896.281 2157.156 2238.437 2350.718 2501.281 2503.375 2540.718 3032.156 3927.312 
98.000 176.375 254.500 280.437 378.718 518.875 628.125 630.000 692.562 746.343 778.750 779.906 820.906 837.968 883.468 887.187 916.937 953.656 968.312 992.406 1053.375 1053.750 1275.531 1357.968 1488.531 1509.312 1554.437 1712.562 1714.468 1817.000 1917.812 1966.781 2013.343 2017.875 2097.937 2241.343 2329.625 2354.093 2498.062 2504.218 
198.843 281.218 453.000 551.218 590.562 627.812 630.718 657.812 730.500 732.812 746.156 783.750 817.625 914.812 954.218 968.593 1087.875 1162.031 1482.343 1712.000 1795.281 1899.343 1938.750 2094.312 2240.312 2261.906 2328.656 2351.031 2456.437 2503.093 2547.093 3024.750 3079.750 3084.562 3105.562 
408.875 657.687 687.468 731.031 733.406 787.593 816.125 920.218 1250.625 1252.031 1357.312 1507.437 1634.562 1635.687 1767.625 1769.625 1773.156 2341.843 2351.343 2354.093 2503.500 2507.062 
153.625 379.875 587.593 819.031 956.343 1549.843 1713.968 1766.500 1799.812 1897.000 2096.906 2110.750 2289.000 2501.562 
213.250 380.562 589.500 921.343 947.843 1546.093 1592.625 1767.625 1798.718 1822.531 1827.593 1937.000 2094.343 2239.250 2349.562 2545.750 
1186.468 1668.500 1763.187 2090.156 2499.656 
