546.218 808.406 846.812 860.656 1546.000 1753.781 2151.593 2951.406 3841.875 3908.843 
115.343 123.031 404.531 1170.937 1204.093 1795.281 2190.218 2391.656 3183.906 3213.000 3517.750 3799.781 3847.437 
233.687 259.343 1196.937 1272.781 1284.406 1690.437 1821.281 1891.093 2483.906 2489.500 2706.000 2849.250 2921.281 3627.750 3934.781 3956.062 
601.375 830.718 1079.062 1528.031 1901.625 1941.281 2272.343 3826.593 
189.625 200.531 385.687 701.781 703.843 1336.750 1387.875 1839.750 3250.843 3971.906 
416.968 1406.343 1698.218 2249.281 2531.093 3046.406 
115.750 197.062 289.312 462.593 725.593 937.562 1638.718 1709.500 2149.000 3611.406 
117.593 802.156 921.062 1727.812 1843.718 2160.375 3217.500 3257.343 
949.062 1143.187 1755.000 2033.000 2124.093 2380.687 2977.937 3932.812 
237.156 893.093 1230.937 1243.312 1253.218 2232.562 3106.375 3582.312 
