102.062 135.250 139.593 291.062 356.750 405.406 407.031 487.437 882.968 1007.875 1057.312 1109.593 1275.937 1787.062 1799.906 1812.125 2105.812 2342.718 2761.281 2797.875 2994.906 3336.750 3345.187 3549.562 3555.593 3664.000 3903.593 
28.843 51.687 89.218 189.343 236.687 279.156 407.437 443.906 575.625 999.281 1058.656 1783.000 2627.187 2805.281 2901.000 2962.250 3124.000 3537.406 
154.375 233.468 257.312 517.343 549.906 677.375 865.687 1059.562 1275.781 1489.812 1594.375 2092.812 2108.218 2326.562 2517.687 2532.968 2553.343 2941.500 3043.875 3251.375 3263.500 3468.468 3669.062 3678.906 3689.406 3739.562 3768.312 
28.843 93.843 338.375 356.937 442.437 524.687 590.156 650.875 712.062 857.062 943.812 1596.812 1726.937 1876.812 1879.937 2065.031 2327.656 2369.593 3255.031 3578.656 3648.250 3822.937 
35.468 199.406 239.312 288.375 308.406 375.625 598.093 746.281 1036.125 1071.562 1074.781 1214.812 1223.468 1494.000 1635.687 1758.343 1793.187 1805.187 2685.937 3397.531 3461.812 3866.750 
25.718 94.656 236.875 367.812 602.218 643.093 849.812 1062.656 1193.906 1250.812 1261.937 1585.062 1807.312 1920.031 2246.281 2279.812 2649.625 3501.968 3575.562 3663.343 3787.406 3909.625 
83.656 89.468 354.000 371.562 381.187 406.218 747.312 861.250 988.156 1389.000 1427.406 1607.250 1792.468 1864.406 2136.656 2461.750 3377.843 3489.562 3644.906 3651.125 
167.875 278.406 375.562 377.250 586.718 602.000 1486.781 1522.437 1626.281 1760.718 1803.125 2264.750 2547.468 2549.500 3195.062 3403.968 3427.468 3613.812 
99.562 174.875 190.500 211.062 256.625 404.718 605.562 822.531 829.281 1051.812 1509.625 1582.156 1634.468 1790.625 1809.250 2090.468 2494.750 2882.593 3871.312 
89.687 241.625 278.875 285.468 442.718 576.875 758.218 984.906 1095.843 2128.781 2227.125 2875.218 2943.156 
