287.781 424.468 885.343 2151.843 3333.000 3548.218 
13.125 47.593 402.343 644.187 759.156 843.500 1888.000 2051.406 2082.750 3332.093 3521.718 3596.937 3744.000 3756.656 
132.687 230.500 272.187 466.812 632.250 1530.375 1645.125 2171.187 2271.312 3569.968 3863.843 
162.250 227.468 1306.812 2061.437 2076.406 2091.125 2171.687 2274.562 3274.718 3276.281 3450.687 3894.093 3910.750 
492.593 923.187 1399.781 1410.406 2905.656 3295.562 3489.531 3499.062 3524.968 
8.937 109.656 119.031 129.625 139.375 264.437 796.343 1078.906 2828.593 3880.156 
132.312 145.750 149.656 346.968 514.750 560.343 1075.343 1413.156 2708.781 3334.343 3604.000 
321.625 390.593 490.593 498.343 767.781 1108.156 1293.750 1965.281 2169.031 2427.312 2558.531 
139.031 514.718 987.750 1327.687 1327.906 2338.781 2345.656 2475.687 3194.968 
278.312 1373.781 1388.187 2039.281 2663.812 2665.125 3944.125 
