88.718 575.718 793.593 1065.937 1126.562 1342.312 1346.718 1636.656 1855.125 1883.218 1951.500 1958.468 2009.593 2132.562 2237.906 2622.625 2717.093 2811.281 3342.187 3656.062 3829.468 
41.000 103.937 332.781 446.312 523.375 652.906 799.437 814.812 995.062 1415.906 1656.250 1836.531 1954.250 2094.250 2569.687 3142.437 3349.218 3369.625 3444.281 3893.968 
44.750 68.437 109.031 237.343 308.718 404.531 646.406 785.062 872.343 985.750 990.468 1003.937 1252.250 1279.843 1480.156 1683.781 1846.062 1910.468 2039.312 2090.281 2200.250 2354.281 2400.000 2832.437 2927.343 2974.406 3487.593 3489.281 3554.906 3813.093 
25.875 31.875 89.593 177.625 245.937 320.093 545.656 656.531 804.562 923.812 988.281 1250.156 1275.562 1530.125 1636.125 1643.968 1846.437 2061.906 2203.250 3142.750 3157.781 3160.468 3170.437 3260.843 3375.375 3387.343 3617.625 3633.750 
31.656 122.656 231.968 291.218 652.843 830.562 1138.125 1418.593 1666.468 1694.125 1722.406 1841.093 1856.843 1862.843 2121.375 2508.625 2998.375 3424.531 
82.812 131.312 433.781 435.000 444.593 465.750 1136.968 1247.218 1861.656 2110.875 2489.656 2529.406 2852.375 3148.687 3341.031 3385.031 3502.937 3767.031 3992.968 
30.968 92.125 126.843 326.437 330.875 535.343 679.656 792.156 936.187 1090.218 1269.656 1271.000 1529.281 1560.031 1629.406 1670.718 2093.906 2103.687 2739.281 3476.718 3555.656 3582.468 3996.343 
137.687 185.718 259.281 268.343 667.062 882.750 1083.875 1124.468 1278.781 1463.281 1538.718 1629.250 1819.156 1975.687 2041.562 2166.000 2332.656 3433.875 3447.125 3716.125 3725.843 3817.968 
70.656 193.031 219.375 575.906 806.156 932.531 999.875 1154.343 1736.718 1903.562 2177.531 2538.812 3069.906 3096.187 3264.656 3525.093 3711.937 
61.218 79.031 497.937 929.656 1173.656 2124.218 2141.656 2223.718 2425.656 2704.625 3000.437 3133.750 3480.156 3699.656 3924.312 
