7.843 20.218 21.562 75.562 124.812 187.406 239.531 301.281 391.937 410.500 511.656 672.375 819.906 871.687 997.656 1042.843 1064.031 1249.187 1308.406 1438.281 1638.468 2432.093 2813.906 
21.093 152.218 401.343 664.125 977.843 1057.687 1122.937 1271.937 1286.593 1565.781 1567.406 1592.312 1714.312 2008.562 2098.781 2315.062 2808.437 2960.562 3148.031 3502.031 3504.281 3678.468 3805.937 3995.093 
18.343 19.468 31.937 164.625 682.375 769.250 1409.968 1820.468 1872.406 2263.843 2935.062 2941.187 2973.968 3098.718 3653.500 
19.718 20.875 150.781 275.750 350.937 403.687 716.281 721.500 840.875 941.906 1097.437 1132.406 1566.937 1618.593 1824.218 1867.218 2228.593 2348.687 2594.250 2743.875 3424.718 3431.468 
24.000 25.406 113.062 755.718 895.656 1194.187 1283.656 1383.000 1428.968 1733.000 1840.843 1871.062 1876.281 1877.937 1943.468 2213.156 2304.687 2575.750 3165.218 3316.593 3329.562 3644.781 
57.312 254.125 402.593 424.281 683.531 876.062 1285.468 1432.500 1561.437 1714.250 1853.218 1998.937 2051.250 2053.562 2054.843 2799.000 2948.437 3108.718 3327.906 
85.593 137.343 157.218 430.250 515.125 671.937 760.000 1383.562 2015.125 2283.125 3511.968 3765.156 3776.343 3822.343 3824.218 3842.718 3848.062 
19.843 33.062 231.218 309.875 686.437 837.562 882.718 1272.562 1472.343 2281.250 2286.031 3498.718 3987.437 
22.281 36.187 120.031 151.312 160.593 429.375 626.843 984.968 1287.968 1589.156 1598.187 1693.000 2118.437 2308.906 2773.937 2965.812 2969.125 3495.406 3551.843 
0.406 84.000 96.812 290.812 432.687 717.406 1175.687 1591.406 1701.468 1960.031 2754.906 2763.937 2866.375 2889.843 3401.000 
