24.250 164.093 1299.843 2190.656 2672.250 2991.531 3892.437 3907.750 
25.968 81.718 198.406 260.500 1304.531 1560.187 1737.593 1864.687 2763.031 3122.093 3428.125 3459.406 
25.718 397.312 515.093 1365.781 1797.093 1998.968 2075.687 2514.843 3538.156 3764.250 
24.156 2222.625 2347.437 2733.000 2809.375 3484.156 
25.500 640.500 687.625 696.968 1798.187 2993.218 3556.468 
187.437 1569.656 1755.000 2062.343 2071.218 2908.281 
17.781 87.187 254.968 1627.312 1796.656 2602.093 3705.375 
105.906 182.062 1882.218 2185.562 2241.156 2967.968 2982.000 3071.437 3496.156 
734.531 953.281 1429.000 1511.343 1528.531 1544.375 1802.437 2201.562 3038.781 3698.187 
26.406 1126.468 1659.218 2776.937 3483.500 
