182.593 214.875 538.218 1046.281 1113.031 1820.468 1969.531 2105.531 2112.562 2520.750 3175.281 3239.656 
29.687 190.562 311.312 462.000 544.843 767.718 779.656 994.875 1541.718 1887.750 3516.718 3722.218 3864.875 
233.125 678.375 686.218 1070.406 2162.375 2168.437 2215.156 2750.000 2980.968 2992.718 3856.781 3869.718 
759.531 1063.562 1529.218 1826.500 2136.062 2137.187 2268.187 3361.906 3524.843 3526.656 
29.000 1428.718 1456.875 1881.500 1884.062 2230.531 3883.281 
226.406 248.343 891.625 1266.906 3143.937 3171.000 
170.718 923.843 2041.406 2048.468 2689.062 3139.562 
192.031 673.187 1737.031 2188.468 2705.312 
200.531 1011.187 1677.718 2907.656 
241.750 547.750 552.937 1771.562 1976.250 2168.718 2226.343 3204.500 3288.250 3693.781 
