78.218 85.156 153.343 751.500 765.718 788.625 853.937 928.593 939.031 1144.250 1685.531 1765.906 1980.375 2943.468 3209.437 
28.062 33.406 38.312 42.750 265.343 267.968 330.000 354.312 472.218 552.187 770.062 824.843 849.406 955.125 1117.218 1288.875 1983.437 2463.312 2464.718 3097.750 3958.250 3965.000 3968.156 
169.562 310.656 434.125 478.281 744.437 767.593 772.937 1054.000 1356.656 1417.406 1488.718 1620.906 1750.656 1758.843 2158.875 3476.187 
30.406 35.531 89.656 143.656 153.343 220.000 274.687 331.750 348.906 765.531 858.437 988.468 1053.593 1066.312 1241.718 1326.750 1545.875 1684.750 2617.187 2620.250 2796.125 2816.125 
33.812 41.125 55.562 79.125 198.750 411.062 859.562 863.625 871.187 1039.343 1389.562 1513.906 1533.281 1535.968 2286.343 2764.375 2766.312 2883.062 3028.468 3493.281 3965.593 
199.156 479.781 1123.062 1250.625 1429.906 1561.843 1712.812 1861.000 2039.250 2339.750 3007.937 3116.000 3336.000 3342.625 3653.343 3796.968 3800.031 3849.406 
36.843 39.562 41.968 197.250 338.218 368.625 370.812 525.375 962.375 1061.875 1208.718 1230.000 1256.187 1522.875 1770.656 1820.343 2200.656 2211.531 2529.937 2941.875 2965.656 3332.156 3370.187 3657.625 
44.687 75.531 296.718 328.406 373.843 398.906 457.125 576.562 699.000 1509.000 1620.906 1758.437 1790.906 1856.343 2043.968 2222.312 2860.531 3668.312 3679.125 3693.406 3810.968 
13.656 125.062 174.218 305.656 348.343 864.906 1013.875 1040.843 1187.750 1495.687 1949.406 2309.750 2625.125 3120.750 3369.343 3718.062 3728.218 3798.093 
37.812 296.625 451.468 540.218 1041.656 1237.781 1581.406 1729.562 1786.843 2051.656 2192.187 2413.531 2653.750 2656.562 3641.375 3857.718 3862.375 
