27.031 189.093 853.718 886.281 989.156 1302.812 1739.125 1820.468 2022.937 2024.468 2154.937 2412.187 2809.250 2838.187 2965.312 3243.406 
28.781 46.031 225.375 382.218 547.312 810.875 1034.218 1304.531 1427.250 1512.718 1519.437 1548.250 1555.125 1633.062 1765.562 1897.250 1947.843 2146.093 2636.406 2864.125 3054.750 3056.937 3176.250 3276.125 3536.500 
25.343 30.250 45.000 84.812 227.156 486.531 676.125 1214.125 1308.281 1538.937 1544.187 1612.250 1764.750 1822.656 1833.187 1894.562 2511.750 2812.343 2825.406 3893.125 
17.000 31.500 33.375 162.937 222.000 379.906 673.437 688.781 721.281 892.750 1000.062 1067.093 1300.843 1463.375 1868.718 1907.781 2065.562 2122.281 2366.093 2555.062 3414.781 3431.281 3627.562 3662.468 3936.156 3969.062 
27.000 35.218 138.093 197.812 237.312 587.906 1106.000 1324.750 1493.875 1554.812 1777.343 1828.000 1829.812 1972.593 2219.718 2523.312 3333.093 3342.750 3400.625 3741.812 3877.656 
4.781 151.687 160.156 186.187 224.250 480.031 582.656 689.843 736.937 1008.187 1102.187 1141.156 2103.343 2110.156 3054.687 3152.625 3482.406 3723.312 
26.406 27.875 33.968 156.687 469.125 578.781 1149.843 1236.968 1661.437 1707.343 1857.843 2500.562 2981.750 3286.125 3305.500 3411.812 
25.281 30.312 292.625 485.000 627.656 682.406 899.062 1012.718 1527.562 2243.125 2848.343 3125.437 3664.375 3688.500 
24.531 28.093 35.812 87.125 115.687 193.593 206.218 334.906 884.218 1110.000 1424.843 1483.718 1839.500 1918.375 2096.906 2108.875 2244.656 3394.656 3400.843 3453.250 3570.750 3640.312 3767.562 3777.250 3919.593 
27.093 158.218 193.625 224.156 462.750 747.031 752.250 2763.062 2777.625 3030.687 3044.031 3151.562 3545.781 
