26.843 385.187 457.468 832.187 833.656 961.375 1011.125 1067.906 1083.593 1804.062 1993.312 2266.062 2389.750 2504.718 2524.343 2924.093 3360.312 3582.906 
0.031 116.500 326.593 437.281 575.531 792.843 948.937 991.500 1052.468 1146.031 1505.406 1604.281 1777.281 1874.562 1875.031 1920.968 2094.000 2260.937 2393.750 2593.625 2765.812 2938.875 2943.500 3139.437 3280.437 3749.312 3759.343 
48.562 116.406 185.843 232.843 325.968 344.000 544.968 682.062 717.062 891.375 893.218 1104.093 1508.843 1645.125 1663.937 1748.875 1848.718 1921.093 1996.218 2264.093 2911.062 3153.906 3553.281 3741.812 3934.031 
47.625 113.187 130.656 225.468 234.593 236.281 517.843 1034.562 1062.125 1090.750 1141.812 1198.031 1407.250 1553.281 1632.343 1647.875 1711.937 1715.437 1858.687 1915.968 1988.093 2169.625 3193.125 3297.843 3857.593 
182.593 238.562 319.156 595.468 676.531 916.656 960.812 1014.531 1015.812 1163.687 1169.875 1438.875 1613.343 1745.343 1770.218 1859.593 1947.187 2098.250 3327.781 3512.531 3517.656 3538.656 3601.437 3649.000 3828.406 
33.562 98.125 189.718 236.000 340.687 639.000 641.312 727.343 838.968 1139.937 1200.437 1202.562 1207.531 1313.812 1410.531 1706.562 1713.500 1772.218 1931.625 1991.125 2092.718 2280.750 2381.750 2726.906 2966.500 2980.406 3188.656 3346.843 3802.375 3866.656 
121.031 138.000 326.781 1430.593 1848.937 1986.781 2071.218 2716.937 2725.093 2726.687 2867.312 2906.093 3505.562 
114.343 117.125 122.062 235.250 811.437 836.218 1064.187 1072.250 1214.156 1228.312 1230.500 1450.937 1563.468 1771.125 1850.250 1853.343 1977.718 2200.312 2243.531 2274.812 2479.406 2819.156 2926.187 3848.250 3903.062 
115.062 225.406 227.250 233.156 445.468 804.093 842.718 1067.437 1231.000 1545.156 1716.000 1957.875 2084.250 2111.187 2128.125 2178.156 3900.687 3979.937 
115.062 631.843 658.500 1150.375 1634.500 1848.843 3424.125 3484.812 3713.406 
