40.968 86.968 377.687 1041.125 2066.093 3659.125 3678.750 3809.593 
97.437 136.156 146.156 152.562 371.437 379.468 757.281 788.843 1977.687 1992.906 2119.312 2198.000 2525.531 3409.375 3904.812 
42.281 311.406 324.531 407.093 1018.000 1230.156 1428.031 1864.375 2707.000 2708.718 
50.500 152.437 444.750 1345.750 1377.781 1673.000 3366.093 3421.187 3424.656 3608.875 3839.687 3970.281 
317.843 538.937 1417.031 1751.968 2101.531 3813.781 
329.250 787.437 912.406 1407.312 2127.750 3327.281 3335.531 3338.000 
157.593 199.843 331.312 441.093 771.031 2092.406 2257.656 3426.281 3453.500 3589.437 
967.218 1962.656 2098.906 2109.531 3025.406 3230.312 3797.031 
933.875 3471.500 3543.781 3571.062 
165.437 1104.312 2003.406 3121.281 3401.812 
