23.781 25.406 77.625 122.281 126.875 298.625 316.093 400.968 438.093 722.531 821.218 1008.000 1222.750 1246.906 1285.656 1326.062 1438.375 1533.000 1692.625 1880.687 1915.562 2070.156 2197.812 2469.156 3339.218 
26.750 79.343 170.968 259.656 299.906 562.250 818.250 1199.437 1881.468 1925.031 1931.218 2167.750 2520.968 2525.718 2878.687 2883.937 3051.562 3361.218 3362.625 3495.281 
26.437 191.093 268.437 551.750 806.750 867.968 877.343 962.937 1319.125 1326.593 1389.187 1562.312 1874.312 1913.406 2188.718 2352.375 2818.750 3547.250 3961.593 
75.593 136.562 167.312 170.062 437.781 593.375 850.843 1025.656 1562.156 1675.531 1800.437 1882.687 1917.906 2159.125 2276.062 2454.437 2989.000 2992.031 3314.562 3669.375 
67.250 98.093 119.843 176.687 181.750 545.687 744.437 876.000 941.781 1321.031 1451.250 1858.000 1859.625 2187.187 2320.625 2550.781 2963.218 2997.250 3280.937 3470.250 3472.687 3473.781 3522.468 3608.281 3678.406 3734.062 3742.468 
26.125 78.906 126.687 265.625 330.125 349.437 360.093 574.531 1031.375 1304.031 1305.468 1568.875 1611.156 1692.468 1818.218 1823.031 1916.656 1981.500 2832.156 3000.375 3148.187 3164.468 3455.656 3688.062 3784.000 3847.625 3925.125 
77.437 84.750 127.031 157.906 169.625 263.156 322.031 770.562 862.312 1046.312 1272.937 1313.500 1317.125 2682.906 3333.718 3454.656 3463.187 3718.593 
77.000 96.468 267.593 405.531 477.906 678.375 1017.906 1313.187 1325.875 1653.906 1692.406 1841.937 1903.375 2223.187 3175.500 3338.031 
80.562 169.000 331.062 339.562 759.125 955.125 1028.406 1317.718 1653.406 1679.906 2184.875 2260.812 3368.312 3421.968 
749.031 751.062 875.843 1269.875 1420.781 1686.312 1890.968 1920.312 2575.437 3315.781 3814.343 3849.562 3879.406 
