34.718 253.625 329.781 422.062 990.750 1016.281 1267.687 1393.031 2305.718 3230.843 3317.843 
32.125 228.312 433.875 672.437 802.531 1151.625 1155.625 1469.125 1475.218 1844.437 2162.468 2889.812 3289.312 3296.812 3906.156 3970.937 
256.625 289.625 1298.406 2103.750 3023.625 3153.343 3216.000 
433.593 446.812 1254.312 1442.437 1684.031 2402.781 3558.187 3718.968 3739.500 
475.562 1352.281 1557.718 2154.000 2188.125 3735.343 3759.718 3804.468 
1028.843 1983.500 2205.312 2821.000 2853.250 3810.968 3833.812 
1466.812 1953.406 2120.250 2204.062 2213.031 2437.312 3436.687 
437.406 541.937 721.093 880.437 1017.406 1205.000 1277.156 1635.343 1639.156 2334.437 2673.437 3426.437 3986.875 
498.156 1302.500 1761.906 2032.593 2257.312 3597.968 
194.125 611.343 1200.062 2156.562 2434.968 2452.343 3677.500 
