78.750 200.625 313.281 424.468 853.468 1305.687 1663.125 1899.125 1905.937 2230.500 2936.218 3790.281 3802.031 
82.343 95.250 169.156 565.437 791.312 961.250 1051.718 1419.250 1889.968 3216.375 3221.468 3221.750 3494.125 3787.312 
204.250 319.437 413.125 533.000 739.718 1080.656 1177.875 1635.031 1728.968 3928.281 
128.000 204.312 355.187 365.375 398.500 708.437 961.375 1038.187 1316.187 1374.781 1671.937 1972.750 2215.281 2226.812 2295.312 2776.375 2918.125 2946.281 3610.781 3740.000 3763.968 3824.000 3885.812 3941.312 3955.343 
126.156 178.875 1471.593 1842.968 2037.281 2193.375 2257.250 2460.375 3671.656 3705.781 3893.656 
21.062 255.250 720.406 789.437 1087.937 1804.218 1809.781 2979.781 
190.281 1322.875 1664.281 1681.750 
222.781 510.937 2086.531 
129.781 187.250 382.687 533.875 815.937 1329.812 1658.718 3273.312 3302.718 
197.156 286.000 336.437 365.062 2252.625 
