22.687 444.906 476.750 685.312 744.812 1434.406 1698.187 1784.843 2008.906 2053.218 2288.218 2853.937 3509.062 
77.375 93.031 579.937 679.718 893.875 2140.656 2341.781 3013.000 3104.093 3111.281 3112.718 3671.937 3674.125 3867.000 
22.187 106.968 686.750 950.375 964.562 1554.875 1692.656 1731.437 2018.781 2030.750 2032.968 
107.000 140.593 446.750 1624.125 1664.968 2703.593 3939.968 
136.250 685.468 778.843 867.562 1760.437 1772.281 2116.968 2135.781 3603.750 3625.625 
161.406 586.031 603.875 1591.781 1794.000 3083.312 3223.781 3235.093 3549.156 3567.625 
20.750 553.906 1727.937 1955.125 2848.093 2964.281 3498.531 3748.500 3837.718 
137.437 559.625 886.281 1617.593 1835.500 1883.250 2006.406 3615.187 3885.375 3958.468 
1167.343 1561.343 1562.281 2629.187 2709.312 3468.656 3478.093 3743.937 
546.125 700.375 815.406 2099.718 2143.906 3455.625 3967.187 
