44.531 108.625 109.968 210.718 220.218 422.187 640.656 826.500 872.968 928.687 1025.250 1188.750 1367.781 1543.281 1574.468 1661.875 1798.781 1886.906 1974.843 2045.375 2089.125 2203.906 2327.562 2766.968 2939.906 3336.750 3342.250 3343.500 3730.656 3966.531 3975.125 
0.562 43.156 50.156 84.000 330.531 373.906 423.531 595.593 878.156 965.062 1206.375 1825.000 1826.687 1989.343 2092.906 2094.562 2233.593 2576.218 2891.562 3048.968 3242.281 3485.531 3487.406 3489.468 3490.875 3506.218 
92.125 103.781 326.656 418.062 422.656 491.812 643.468 714.593 740.812 882.718 950.218 1001.093 1061.968 1153.875 1190.625 1400.312 2109.812 2217.343 3325.468 3359.781 3520.250 3836.593 
83.625 103.375 123.687 190.250 196.343 296.875 402.156 421.750 427.593 619.968 810.875 882.187 1108.343 1654.625 2096.656 2211.750 3448.718 3488.000 
49.656 83.562 97.093 103.312 260.906 277.031 313.718 961.375 1361.656 1385.125 1726.718 1969.562 2095.406 2189.718 2793.687 2814.406 2955.718 3669.093 
30.000 97.000 321.093 401.750 424.781 650.718 822.937 986.843 1186.531 1197.781 1370.531 1420.281 1654.937 1740.000 1746.750 1930.937 1969.187 2303.875 2493.937 2612.468 2618.437 3708.531 3933.531 
85.750 154.281 267.437 321.250 940.437 1170.468 1221.125 1245.625 1586.437 3714.437 3718.625 3838.718 
104.843 106.312 113.250 190.250 496.156 1084.531 1396.562 1584.625 1996.812 2322.031 2384.625 2809.656 3470.687 3608.281 3651.312 3904.406 3935.500 3944.000 
46.812 52.093 145.750 184.187 214.187 307.406 539.156 759.843 768.531 770.437 843.093 942.781 1248.156 1337.562 1781.000 2102.531 2943.437 2949.500 3233.937 3376.593 3936.812 
134.093 258.875 424.343 516.843 641.656 750.812 1005.156 1010.562 1185.843 1193.156 1730.625 1949.687 1952.687 1955.218 2170.125 3576.625 3732.531 
