20.156 23.562 248.156 271.562 522.187 788.000 1189.500 1783.281 1983.468 2067.250 2105.562 3451.250 3864.000 
115.312 264.812 662.468 859.781 1288.593 1633.687 1684.125 1854.781 1874.750 2121.187 2214.250 2970.812 3102.437 
25.000 104.000 160.781 179.500 1029.500 1666.312 1736.781 1951.375 2131.937 2752.500 2753.812 3347.687 3462.875 3594.000 3691.593 3820.812 3831.250 
20.062 21.312 147.656 315.750 362.218 673.468 877.156 1234.250 1251.531 1718.843 1911.031 2034.281 2048.625 3547.156 3728.875 3782.687 
433.062 881.406 1342.468 2868.500 3322.187 
28.468 175.187 493.218 637.250 1121.343 1527.375 1837.156 2021.406 2042.281 
171.250 582.625 611.750 1381.031 1852.062 3137.750 3169.531 3363.343 3984.875 
21.093 249.468 292.500 346.125 442.093 703.375 892.437 898.125 1591.062 2189.031 2210.250 3616.968 3639.468 
176.812 301.156 1034.687 1312.125 1725.531 1742.625 3600.156 
425.468 434.593 436.437 1660.062 2163.375 2175.406 3215.750 3553.781 3781.968 
