24.843 26.156 68.062 70.968 181.093 780.875 819.906 1016.156 1084.218 1149.156 1362.250 1764.968 1847.875 1888.125 1933.531 2060.531 2448.187 2757.718 3104.843 3180.593 3555.843 3626.625 3690.000 3895.093 
21.375 67.625 73.031 206.281 211.031 258.875 428.531 522.593 935.750 1145.093 1297.187 1470.093 1595.531 1804.937 2873.375 3238.187 3239.906 
1.250 16.156 24.031 55.625 66.031 80.406 261.343 295.468 360.781 370.781 415.562 428.343 488.812 603.968 614.375 1144.031 1257.312 1440.250 1758.500 2357.843 3651.312 3669.562 3928.531 3994.031 
25.187 67.218 160.906 162.781 181.375 256.687 420.468 614.281 782.625 944.750 1005.093 1198.875 1281.968 1421.218 1497.437 1552.468 1715.062 1866.375 1976.843 2542.187 2545.312 2766.218 2771.125 2983.937 2990.312 3486.062 3551.812 
23.593 25.125 71.843 78.375 277.843 341.718 409.156 601.375 921.937 1292.218 1303.187 1413.875 1438.031 1496.875 1602.531 1612.031 1926.156 1954.562 2123.437 2511.531 2807.062 3193.312 3737.468 
23.250 81.250 151.250 184.750 194.343 334.062 410.656 760.593 925.218 1094.312 1285.625 1452.093 1602.843 1890.312 2056.031 2697.031 2811.531 2819.437 3570.625 3716.250 3974.843 
21.375 22.625 24.875 69.187 79.750 1000.906 1149.625 1380.093 1438.937 1605.125 1777.656 1996.062 2003.312 2077.406 2131.406 2223.718 2812.531 2839.468 3383.187 3650.468 3856.062 3863.531 
24.250 76.843 84.968 87.031 220.937 299.437 329.750 593.843 929.531 1454.406 1772.625 2109.250 2230.156 2310.875 3640.531 
23.500 72.093 129.468 611.781 720.000 938.125 1249.531 1259.312 1797.125 2156.375 2486.906 
22.906 69.718 1184.437 1486.750 1601.718 2078.812 2530.156 2545.656 2714.187 2760.843 3677.281 3681.156 3682.593 
