276.593 375.968 573.281 1080.343 1800.406 1863.656 1881.093 2930.281 3061.750 3080.906 3110.437 3257.562 
41.406 197.406 323.218 576.031 630.875 962.125 1799.968 2029.125 2185.937 2379.281 2965.781 3085.781 
240.031 251.812 461.000 595.656 919.968 1849.906 1863.468 1865.031 1883.250 3170.125 3178.031 
239.031 393.437 460.062 710.562 928.156 1042.312 1498.750 3525.812 3543.406 
217.781 239.000 260.562 581.062 602.187 905.718 1437.406 1524.937 1752.031 2018.781 3788.375 
29.468 256.031 1299.718 1308.125 1439.187 2151.625 3039.843 3968.593 
240.031 595.656 977.250 1481.062 2910.562 2962.218 3938.375 
603.093 689.687 1845.000 1910.843 2582.031 3116.625 
270.656 346.968 576.312 1230.843 1351.531 2199.218 2676.812 3336.062 3855.406 3857.062 
339.500 388.406 409.531 454.937 598.500 1458.875 1581.875 2238.343 2332.437 
