19.875 76.437 103.593 115.906 198.718 349.593 713.875 724.531 788.062 843.187 846.343 968.125 1017.312 1486.593 1705.218 1805.187 1823.468 1828.062 1899.406 2282.062 3211.656 3583.062 3622.093 3981.812 
9.031 18.625 33.000 337.562 350.281 670.156 728.843 1154.968 1175.250 1493.468 1610.968 2035.625 2037.468 2078.312 2211.437 2688.218 2692.281 3169.875 3507.093 3859.000 
2.218 102.468 268.125 369.687 705.031 938.437 1398.500 1756.718 1980.437 1993.468 2136.531 2437.812 3171.500 3184.062 3197.000 3209.281 3668.906 3893.906 3917.843 
15.968 18.218 98.218 114.187 209.281 269.031 287.250 357.343 794.343 1502.468 1516.000 1828.281 1888.750 3168.312 3309.500 3563.031 3820.500 3844.781 3929.875 3995.593 
18.875 19.593 89.562 245.031 538.531 786.531 1029.531 1516.437 1627.406 1821.750 1851.437 2008.062 2171.312 2280.843 2470.468 2617.781 3558.218 3861.562 3863.781 3864.000 3887.343 
20.031 79.562 108.812 114.437 358.781 526.875 529.781 849.093 922.218 955.031 1167.250 1385.031 1498.875 1646.375 2004.937 2088.500 2157.125 2472.781 2484.343 2682.781 3061.312 3763.312 
39.031 282.875 853.812 957.187 1160.656 1388.500 1664.656 1836.687 2016.656 2024.625 2179.093 2318.812 2476.937 3136.187 3541.875 3727.093 3823.843 3834.875 3904.906 
112.968 406.031 1004.906 1653.750 1858.187 2078.281 2605.562 2825.968 3807.687 3943.031 
114.937 131.875 178.218 545.250 988.968 1250.218 1666.187 2014.250 2016.312 2074.625 3746.406 3854.625 3877.343 3962.375 
20.343 21.625 24.125 110.125 377.093 379.812 881.750 1260.062 2058.718 2852.343 2990.906 
