112.250 318.000 448.906 746.531 837.375 904.281 1088.625 1489.562 1570.812 1744.750 1882.437 1887.093 
23.593 26.312 228.625 556.250 558.937 567.531 744.906 814.656 875.937 885.093 1022.812 1183.250 1205.531 1287.218 1462.750 1570.406 1862.156 1950.625 2704.406 
24.250 240.187 296.781 319.031 330.531 352.375 472.406 473.406 500.312 610.687 654.500 713.968 870.375 1171.468 1177.625 1208.187 1267.531 1464.187 1489.406 1500.000 1739.000 1757.625 1823.437 1845.000 1857.937 2880.187 3002.125 3026.406 
29.218 90.312 158.375 272.281 322.156 342.812 449.625 461.750 484.843 495.218 564.968 681.187 710.593 716.125 743.250 797.312 1264.875 1464.906 1655.843 1697.312 1754.812 1883.531 1981.750 2006.312 3980.468 
25.031 85.843 146.625 190.843 317.125 448.437 449.250 509.468 530.000 714.156 715.312 850.312 980.406 1207.031 1330.093 1387.281 1390.781 1495.812 1566.218 1580.156 1617.593 1696.156 1725.468 1763.187 1883.437 1970.687 1997.937 
26.625 99.281 265.562 453.531 813.812 836.843 915.718 1129.031 1209.375 1556.593 1569.343 1585.593 1601.812 1628.125 1702.812 2755.062 3182.000 3432.125 
87.000 88.093 368.281 841.750 1022.468 1176.406 1486.468 1711.843 1885.437 1953.843 2065.250 
46.593 364.875 398.312 612.125 953.406 1018.343 1823.062 2003.406 2036.593 
116.625 620.156 752.781 872.656 934.437 1179.437 1207.593 1361.187 1467.375 1512.843 1614.750 1751.687 2005.781 3001.468 
1704.718 1903.593 
