16.125 73.812 150.625 327.718 343.750 584.843 689.093 782.062 1178.781 1382.093 1723.125 1794.562 2016.718 3507.031 
16.125 165.000 292.187 293.218 298.500 341.906 423.687 466.406 587.406 660.250 662.093 1005.562 1011.187 1145.125 1201.625 1389.281 1677.468 1717.781 1738.531 1990.031 2057.968 2115.531 3550.937 3740.218 
210.500 265.093 323.031 326.156 540.500 654.125 733.343 865.125 1006.031 1145.468 1201.437 1207.000 1211.343 1642.437 2007.406 
19.718 75.437 76.406 87.781 170.812 193.093 304.000 542.062 604.812 689.687 1015.343 1141.937 1383.343 1439.000 1602.937 1618.187 1722.000 1930.875 1977.562 1980.625 2009.031 3345.906 
17.281 38.843 152.187 164.187 246.031 298.093 324.781 341.718 421.937 466.875 471.656 697.875 840.218 858.125 1142.125 1143.750 1201.000 1490.437 1602.781 1724.687 1772.125 1809.843 3195.375 3637.687 
16.687 26.843 133.062 155.343 266.218 269.093 424.968 459.812 547.593 589.968 663.218 666.125 741.125 756.656 779.687 1009.531 1034.031 1141.562 1207.468 1348.718 1489.312 1638.062 1724.062 1850.593 1974.937 2008.812 2016.656 2967.656 3057.562 
17.562 265.750 276.031 327.843 424.000 585.750 752.937 756.187 799.500 925.375 1033.687 1068.750 1142.125 1208.781 1286.500 1383.687 1486.187 1662.750 1741.093 1845.500 2013.937 3203.531 
17.281 54.125 206.531 264.343 423.750 707.000 1009.656 1079.187 1141.562 1323.656 1433.906 1902.812 
18.250 162.531 219.625 356.875 586.187 624.343 948.718 1035.968 1147.468 1202.437 1245.156 2075.687 2875.343 
22.812 77.218 426.718 496.656 1143.281 
