49.531 170.468 198.812 251.656 973.218 987.875 1135.718 1154.093 1885.531 1886.187 
14.906 37.156 81.000 532.406 636.062 676.468 837.625 876.781 1134.093 1155.312 1194.937 1262.406 1522.156 1660.312 1766.187 1852.312 1924.593 1999.343 2445.406 3265.812 
14.812 18.000 406.875 460.031 594.218 834.875 837.062 989.812 1063.000 1763.968 2000.031 3459.656 
15.500 93.406 174.625 197.812 216.687 246.312 407.812 487.656 543.312 591.093 834.031 857.843 985.406 988.625 1035.812 1101.343 1161.937 1416.468 1423.875 1436.750 1520.625 1701.750 1785.843 1950.093 2001.187 2003.031 2004.250 2006.531 2009.718 
19.906 94.156 413.500 419.843 452.656 481.468 650.593 694.843 777.781 784.875 884.000 984.125 1143.687 1163.656 1250.562 1259.968 1351.093 1404.781 1521.000 1864.250 1901.218 1990.750 2004.218 3086.812 3200.281 
42.500 76.687 350.343 481.062 557.468 603.937 651.281 671.312 672.156 836.000 910.312 977.843 983.937 1233.031 1263.468 1388.281 1410.531 1663.562 1703.531 1944.750 2005.250 2387.312 3880.187 
63.031 438.968 654.812 670.937 863.937 1139.812 1450.125 1562.000 1777.531 1867.093 1989.125 1995.375 2008.062 
21.187 89.562 648.781 779.031 866.562 871.375 1521.718 1991.218 
349.656 521.250 701.968 742.906 787.656 881.093 1142.406 1177.156 1238.812 1559.031 2002.781 2634.312 3484.125 
754.500 1058.125 1358.062 1613.187 1785.843 
