150.156 364.343 430.531 580.562 642.468 775.406 792.125 814.968 992.687 1052.843 1126.281 1383.531 1408.906 1476.031 1477.531 1526.187 1642.437 2354.843 
17.093 18.218 49.843 148.656 163.375 310.437 442.500 473.750 544.187 654.406 692.531 870.375 1043.156 1128.031 1209.937 1212.593 1276.500 1284.031 1320.906 1468.562 1566.625 1777.031 1904.281 2893.781 
14.625 16.593 19.906 29.687 98.375 162.406 205.406 311.531 557.093 662.687 767.062 993.906 1183.156 1281.781 1667.343 
17.343 19.531 62.343 118.406 148.375 158.031 160.406 165.281 453.593 661.187 899.437 975.156 1084.125 1211.406 1212.437 1504.312 1752.000 1812.718 2053.625 2468.093 2654.937 2658.906 2848.062 
17.437 35.187 63.875 65.500 114.937 206.375 264.187 364.531 423.968 514.156 565.718 573.500 814.187 876.562 979.156 1179.750 1211.437 1213.656 1214.437 1215.312 1322.906 1410.343 1668.250 1670.937 1928.687 2001.718 2267.031 
35.156 58.625 64.750 149.562 368.437 875.531 896.843 925.593 986.031 1150.968 1174.687 1206.468 1211.781 1216.468 1409.875 1504.937 1665.968 1756.718 1773.781 1776.625 1799.531 1818.156 1927.343 1932.125 
279.281 313.468 335.093 423.812 545.500 693.781 1091.343 1126.562 1148.031 1148.875 1181.093 1412.750 1524.218 1541.000 1604.562 1924.562 
18.750 22.062 63.562 148.093 186.406 277.625 428.250 687.406 1170.593 1215.062 1479.562 1670.437 1703.156 1742.312 1926.031 
19.218 1692.468 1703.593 1724.343 1743.156 
22.218 576.468 817.781 1701.312 1710.906 1812.687 
