32.406 117.531 180.593 186.562 337.812 342.281 376.093 644.156 867.000 867.406 900.812 916.343 1176.312 1177.187 1397.718 1434.125 1438.593 1476.093 1501.687 1508.968 1603.937 1687.937 1709.437 1861.125 2245.906 2793.218 3265.968 3277.000 3576.906 
27.281 51.468 78.125 218.937 256.031 568.750 724.875 748.531 773.812 842.031 1024.906 1190.750 1561.812 1691.468 1875.093 1878.781 2266.906 3033.718 3034.031 3039.156 3217.906 3219.437 3389.406 3718.625 
53.156 65.250 97.437 107.875 179.375 284.500 388.656 471.687 645.750 720.593 851.343 866.812 920.062 1019.937 1070.156 1427.843 1430.343 1598.593 1692.500 1979.781 
27.343 54.406 77.531 220.406 257.750 289.437 334.750 338.781 352.906 417.500 418.781 492.656 501.031 658.781 850.031 1017.687 1072.031 1175.375 1178.656 1305.437 1452.593 1690.156 1708.656 1711.468 1760.156 1876.125 1979.750 
28.031 36.593 77.593 95.562 185.937 191.968 195.750 259.625 299.156 376.187 568.406 601.531 733.875 996.781 1063.468 1224.375 1436.093 1478.718 1500.937 1563.750 1682.906 1803.343 1861.437 1985.593 3992.562 
71.718 115.281 423.125 472.000 476.250 493.625 598.562 757.062 798.500 912.531 959.250 1006.968 1077.000 1082.937 1093.593 1098.375 1157.156 1249.718 1273.187 1275.562 1501.031 1564.937 1725.531 1817.000 1860.156 2106.281 
855.718 870.593 1160.031 1354.750 1454.437 1601.218 1691.312 1862.468 
420.062 503.343 551.093 1339.875 1428.906 1569.093 1601.937 1785.593 2011.375 3322.500 
415.125 915.718 1241.437 
122.281 647.562 1013.906 1364.937 1864.250 
