22.218 25.062 31.125 81.250 166.812 184.875 397.531 480.437 639.718 790.000 864.375 1057.031 1066.593 1124.500 1147.968 1223.375 
22.531 23.843 140.843 148.125 218.562 219.531 329.500 396.000 396.812 491.250 493.875 516.218 611.500 614.687 616.343 651.406 828.593 831.500 1152.218 1201.781 1242.468 1287.250 1467.812 1494.187 1631.781 1765.218 1791.062 1800.718 1865.156 
23.093 46.968 51.125 270.812 417.343 491.031 741.937 757.281 901.437 915.000 1000.750 1062.468 1468.687 1518.906 1528.781 1629.406 1730.218 1829.125 1842.125 2117.406 2118.312 2121.781 
22.687 23.281 45.937 108.531 242.812 274.812 295.343 333.593 367.125 371.187 381.062 641.593 700.406 790.281 891.375 961.937 1006.343 1069.687 1508.218 1627.625 1642.593 1667.812 1729.875 1874.875 2318.281 
23.125 27.750 181.531 270.656 285.125 297.531 330.531 381.500 396.875 611.968 909.062 913.750 916.531 934.312 1041.437 1067.968 1149.187 1349.437 1376.531 1522.687 1599.843 1631.875 1654.437 1791.187 1798.187 1840.968 1875.156 
24.312 31.875 258.343 296.625 319.593 333.531 364.875 377.187 515.187 611.656 655.343 682.250 761.062 821.250 826.000 907.406 912.968 916.687 1062.562 1181.031 1211.531 1213.781 1250.468 1260.906 1415.968 1421.812 1445.812 1523.812 1638.031 1845.531 1853.968 1949.906 3781.500 
27.750 28.625 47.218 617.062 790.843 915.187 974.031 1068.625 1215.656 1217.156 1765.781 1922.937 3396.218 3804.968 3868.406 3869.656 
245.531 360.906 683.500 1005.218 1524.906 2951.187 2956.906 
131.093 244.625 316.593 612.843 794.250 1066.062 1447.437 1473.968 1629.656 1729.812 
35.062 125.593 316.156 327.531 332.062 498.875 612.812 1069.437 1176.062 1714.718 1867.875 1871.468 
