275.593 435.781 814.687 831.031 1228.218 1383.312 1438.468 1482.937 1915.468 1981.375 1989.218 3694.531 3877.343 
84.343 191.343 192.968 196.562 247.562 294.343 321.406 1525.625 1536.968 1619.593 1621.781 2137.531 2138.187 2138.906 2314.312 
88.375 89.312 111.218 127.500 173.593 195.031 276.687 496.250 704.187 762.656 815.062 985.718 1027.343 1094.937 1178.156 1228.593 1262.968 1289.875 1311.125 1511.156 1536.562 1549.000 1923.781 1957.375 1984.812 3123.093 3472.906 3752.218 
89.218 111.343 284.500 468.500 499.468 691.062 696.437 781.750 795.531 864.687 1096.031 1210.843 1339.812 1472.781 1535.468 1563.093 1619.593 1783.000 1958.625 2008.875 2322.187 2351.937 
284.406 285.031 312.468 494.906 504.218 608.000 828.625 831.125 933.062 1084.531 1233.875 1308.437 1311.375 1312.000 1445.312 1478.625 1760.687 1827.406 1958.406 2668.593 3037.593 3361.312 3432.843 3695.218 
228.312 459.093 477.750 522.406 602.406 757.250 764.906 797.812 811.656 1096.093 1158.062 1390.343 1519.750 1619.406 1680.031 1859.750 1957.562 1958.281 2840.562 
194.687 343.437 460.906 746.843 807.843 1027.531 1312.531 1340.343 1436.281 1441.218 1517.375 1624.593 1638.906 1835.656 2010.093 2144.031 
459.031 668.281 990.218 
129.843 312.343 609.093 1177.156 1548.250 1623.750 1903.250 2908.843 
708.593 1337.312 1404.093 1706.281 1731.968 
