20.718 305.312 459.437 686.406 928.812 977.562 978.531 1009.968 1222.812 1300.656 1527.656 1535.625 1538.468 1863.718 3371.375 
19.093 21.781 28.312 30.406 133.312 335.031 376.812 427.906 539.531 685.437 754.250 978.937 1084.281 1214.750 1267.187 1277.750 1299.875 1574.062 1625.437 1828.156 1879.625 
21.937 28.312 93.812 126.750 380.500 459.468 519.750 540.843 1053.687 1300.843 1483.187 1625.656 3363.000 
18.968 40.781 58.718 124.500 155.093 191.343 192.437 199.437 202.750 348.718 407.468 457.406 615.406 685.906 687.718 783.500 888.781 947.843 982.375 1086.156 1493.406 1520.093 1599.937 1600.531 1831.156 1835.562 1953.562 3420.406 3424.125 
22.406 155.218 192.343 303.656 394.281 445.937 689.281 806.812 810.000 1026.500 1054.593 1072.500 1275.593 1499.062 1520.937 1623.875 1652.437 1660.687 1676.406 1951.312 2762.687 2934.250 3031.562 3438.250 3455.562 3543.968 
28.531 111.062 170.937 376.937 378.656 464.218 518.781 527.156 555.312 616.281 654.781 753.906 757.375 783.281 1008.593 1081.218 1301.968 1526.875 1627.562 1882.187 1884.218 1972.343 2417.218 2744.000 3392.000 
144.750 169.281 337.562 469.562 518.718 690.968 732.968 786.531 788.218 889.406 979.000 1008.843 1074.375 1277.875 1434.718 1525.843 1748.343 1883.218 1969.937 3422.843 
105.812 135.625 283.187 345.593 397.843 520.562 620.062 651.812 690.187 738.968 1087.562 1278.781 1524.625 1613.406 1882.156 2660.468 
22.406 24.562 352.625 484.062 787.625 1086.375 1308.468 1383.406 1527.187 2421.500 
22.562 289.968 519.937 806.781 1225.625 1306.625 1316.468 
