102.593 142.343 142.812 272.125 276.562 366.687 479.343 495.625 531.125 648.000 731.093 785.906 845.187 905.031 1208.937 1482.687 1522.468 1640.625 1654.406 1954.687 2798.843 2965.593 3889.250 
89.656 90.968 115.718 181.406 235.250 577.312 1098.343 1276.062 1346.031 1372.593 1483.875 1522.281 1950.625 2771.718 2938.625 2954.687 3324.281 3379.031 3379.906 3410.937 3656.343 3661.093 3895.281 3896.968 
19.093 38.531 74.312 86.562 102.406 104.625 180.593 304.812 319.250 561.000 567.250 856.281 987.968 1024.468 1102.656 1520.125 1627.875 1698.062 1777.718 1951.468 1967.375 3034.562 3052.937 3695.750 
19.250 103.375 221.312 223.562 276.437 310.656 391.437 596.468 665.875 878.406 987.875 1098.500 1221.437 1395.343 1425.906 1482.781 1607.031 1869.968 1916.406 1949.093 3058.812 3075.156 3366.250 
23.031 57.250 61.812 103.125 123.562 144.812 236.187 339.437 342.718 429.062 430.406 580.875 671.906 718.687 809.312 826.156 921.125 985.156 1127.156 1132.718 1195.031 1274.031 1395.781 1396.468 1435.906 1483.593 1685.156 1775.281 1797.125 2000.437 2006.875 
76.687 91.500 104.187 119.468 143.312 298.156 364.406 428.468 461.062 578.281 652.718 690.500 730.656 843.781 846.437 919.468 991.687 1212.093 1236.656 1391.281 1486.875 1518.250 2009.500 3552.625 3569.906 3821.375 3868.000 
22.093 103.906 162.468 184.718 391.281 642.937 695.562 806.000 1176.093 1485.750 1652.500 1698.562 1900.593 3724.531 3750.281 
22.500 97.187 145.187 305.781 401.687 525.875 583.062 690.562 751.406 813.625 1394.062 1652.375 1702.375 1769.468 1953.500 2387.531 
92.500 477.812 777.562 961.937 1350.906 1394.437 1453.312 1607.656 1665.375 1981.750 
1248.375 2095.750 
