202.250 283.125 431.812 481.531 986.218 1033.031 1169.531 1207.906 1254.718 1333.218 1402.750 1723.281 1825.218 1907.093 1936.062 2565.218 2733.562 3625.843 
19.250 90.875 112.750 188.593 201.406 278.875 282.093 284.500 315.718 571.937 756.843 1031.281 1166.312 1251.562 1379.093 1406.312 1807.656 
18.156 22.187 28.187 40.218 164.656 201.156 315.593 607.500 613.031 1032.531 1067.687 1231.093 1416.906 1476.781 1565.281 1609.750 1665.437 1721.375 1906.625 3215.218 
19.468 29.531 31.343 57.031 201.062 506.156 712.625 773.187 773.812 891.031 968.375 986.093 1047.406 1169.218 1215.968 1278.593 1405.281 1407.968 1414.500 1468.031 1469.375 1611.562 1675.375 1723.781 1939.968 3557.687 
19.843 27.781 40.000 49.375 82.656 204.031 207.375 369.375 442.812 687.781 734.125 757.437 778.218 786.437 985.687 1065.250 1279.468 1671.187 2906.250 
117.406 203.218 224.531 343.531 362.062 428.375 570.093 779.187 891.625 989.500 1037.187 1067.750 1207.500 1255.281 1371.312 1388.968 1523.375 1674.593 1831.062 1851.781 2769.968 3296.218 
21.843 179.531 208.156 475.875 665.000 708.468 986.093 1338.937 1513.343 1568.156 1692.937 2492.937 
203.906 708.468 737.468 779.750 955.062 993.187 1072.281 1214.718 1223.437 1416.031 1623.000 1695.093 1725.500 1830.000 
107.531 118.250 118.687 207.062 574.125 988.531 1036.000 1211.468 1618.968 1677.906 3578.937 
202.093 1214.187 1968.406 
