14.531 21.968 106.281 145.156 200.437 275.468 338.718 461.750 521.875 578.593 580.718 734.031 846.500 1033.687 1047.343 1222.812 1312.468 1534.000 1556.187 1863.312 3802.437 3945.250 3972.218 
14.968 33.843 35.281 106.718 145.093 197.031 273.281 446.843 464.812 635.343 813.000 814.000 868.656 918.968 990.687 1049.343 1129.906 1314.968 1999.031 3195.906 
14.625 104.281 195.375 202.000 280.718 443.281 457.093 501.406 676.812 764.125 765.250 892.031 914.093 939.968 1057.343 1129.531 1640.000 1806.562 2589.406 
30.125 34.562 74.593 103.187 191.843 197.093 206.125 210.906 231.156 267.656 286.531 428.937 464.656 506.437 535.125 581.312 582.000 636.281 812.968 816.437 1139.718 1235.250 1251.875 1385.031 1585.000 1614.531 1706.468 1735.375 1736.656 1761.656 1766.562 1864.343 1904.000 1989.531 2968.031 2973.062 3110.937 3151.187 3523.093 
14.375 27.718 94.531 97.906 104.875 443.093 460.031 462.656 465.031 492.843 505.281 549.750 722.125 732.906 743.281 814.406 815.218 820.843 1112.031 1222.906 1234.875 1299.625 1372.187 1526.437 1564.500 1610.125 1737.500 1762.781 1764.250 1815.375 1945.687 1948.250 1965.062 2554.843 2966.562 3548.531 
18.375 22.062 36.281 103.468 177.375 282.125 284.500 338.437 461.062 585.125 667.187 696.531 815.187 881.718 889.250 906.187 914.031 1252.281 1534.625 1584.031 1736.781 
98.250 206.531 459.968 665.250 691.625 815.718 1231.656 1489.906 1643.906 1763.125 1967.718 
15.312 34.843 461.281 641.250 999.968 1666.937 1803.250 1988.625 
100.687 102.968 766.093 1005.312 1313.750 1729.750 
97.093 198.218 1136.000 1239.062 1805.781 
