41.468 53.687 159.250 356.250 742.937 779.968 953.468 977.437 1053.781 1106.093 1134.781 1137.406 1242.937 1433.625 1538.406 1643.281 1749.718 1800.437 2276.281 3284.875 3592.875 
41.625 171.375 399.562 401.781 600.250 679.281 783.875 961.625 962.843 1054.250 1134.843 1537.968 1947.437 1966.968 
41.312 42.812 103.500 332.062 399.718 479.843 704.406 781.812 918.281 991.875 1018.093 1138.031 1537.156 1644.093 2093.781 2798.125 
42.937 354.250 493.312 591.968 676.031 784.593 946.593 1054.281 1108.968 1135.500 1137.343 1536.781 1540.312 1830.062 1846.812 1961.968 1964.000 1983.875 
43.093 48.437 96.343 105.281 126.031 128.906 267.812 412.875 600.218 702.062 738.531 784.937 961.875 1421.875 1536.843 1646.468 1648.937 1713.843 1801.718 2938.250 
271.187 331.437 337.406 389.687 399.500 534.281 890.062 1020.906 1093.031 1107.906 1304.625 1318.437 1647.500 1764.812 1783.281 1784.843 1805.218 1958.187 2129.781 3162.906 3190.781 3618.500 
42.718 371.343 433.031 1026.250 1395.281 1541.437 1723.562 1876.812 2475.093 2476.187 
45.250 366.062 434.093 466.843 565.625 1139.250 1309.593 1482.968 1785.687 1853.031 3645.656 
47.062 48.218 173.406 251.468 383.812 498.125 558.562 592.750 784.593 1698.937 2414.781 3615.343 3617.343 
429.718 808.156 1229.687 1318.812 1541.281 2063.656 3474.500 
