15.656 99.468 199.750 211.406 214.468 265.531 332.500 349.843 391.593 448.906 494.218 531.062 568.875 666.812 709.343 723.906 815.000 882.875 924.312 1023.000 1026.656 1084.250 1282.625 1451.437 1573.343 1673.937 1714.562 1760.562 1857.031 1877.156 1877.843 2048.593 2965.625 2971.250 
72.437 94.343 494.718 727.156 727.937 730.906 880.406 1161.437 1294.562 1407.000 1450.125 1538.562 1679.312 1769.187 1775.593 1778.031 1811.500 1852.406 1878.125 
15.343 29.968 44.125 73.187 197.062 315.937 453.281 479.156 655.250 924.000 988.750 1002.375 1190.875 1191.500 1267.593 1295.406 1352.187 1451.812 1812.843 1848.343 1957.375 2772.718 2793.781 2795.125 3176.750 3567.218 
15.625 18.312 43.562 149.375 214.656 258.343 494.781 542.406 595.250 732.656 820.906 1170.312 1187.093 1265.843 1299.093 1450.312 1450.968 1538.281 1583.843 1804.656 1815.937 1852.000 1856.812 1873.906 1956.312 
15.125 15.687 18.968 32.031 70.562 73.250 151.781 199.937 259.906 335.781 545.343 548.093 582.250 732.531 806.500 984.906 1120.093 1139.062 1268.718 1350.562 1409.968 1453.593 1551.218 1591.625 1776.843 1990.187 2027.656 3239.906 
75.031 77.343 139.125 296.250 574.125 882.156 986.031 1117.375 1270.343 1291.937 1378.750 1571.343 1574.312 1768.593 1778.625 1877.562 1902.187 1959.906 
196.687 285.437 1603.937 1778.812 1877.375 3001.593 
76.281 202.406 241.593 593.843 979.687 1299.406 1453.781 1532.531 1716.937 1884.562 2848.843 3258.593 
125.875 724.875 785.906 1117.656 1719.125 
558.593 697.218 1571.218 1849.531 1959.593 2956.843 
