192.437 231.875 263.500 400.906 496.406 547.843 580.937 660.062 812.343 936.218 1070.093 1091.000 1301.750 1425.000 1533.375 1592.562 1654.250 1837.812 
16.656 18.937 72.687 102.968 108.937 234.968 247.937 375.562 398.156 543.468 734.406 781.093 786.812 926.187 930.406 1039.593 1234.281 1609.531 1664.843 1681.656 1685.281 1948.906 3572.781 
193.781 232.468 238.156 239.218 308.156 350.250 513.000 588.812 732.343 735.531 930.125 1043.875 1173.156 1272.187 1355.406 1483.625 1538.906 1771.343 1930.562 1950.718 3438.937 
71.437 78.468 195.000 234.250 253.218 256.312 352.312 393.218 516.156 524.781 566.593 633.437 669.531 733.625 760.125 926.593 1000.312 1044.937 1159.562 1276.656 1356.062 1475.843 1487.968 1499.375 1500.875 1536.593 1600.218 1661.375 1760.656 1791.843 1838.656 1892.625 1952.156 1960.000 3321.656 3387.843 
43.593 46.625 232.000 263.531 265.656 304.750 388.687 414.500 502.843 524.125 667.625 682.906 710.593 898.937 1062.250 1078.375 1091.093 1137.750 1207.937 1410.812 1474.906 1534.750 1573.843 1665.906 1684.843 1685.343 1758.968 1839.000 1853.218 1921.968 
48.031 78.250 162.718 195.375 248.625 262.000 267.375 304.031 386.906 545.562 549.781 587.343 603.531 607.750 668.218 777.843 840.937 869.875 936.250 940.687 1064.906 1093.187 1192.218 1248.250 1339.531 1451.750 1478.437 1502.875 1536.625 1539.187 1657.781 1764.906 1797.343 1803.906 1838.750 1840.156 1893.656 1922.593 2514.187 2905.250 3785.687 
269.750 303.281 305.250 492.312 500.093 546.156 547.156 598.375 600.812 673.000 737.812 740.031 840.125 1065.218 1590.750 1840.062 1953.218 2091.500 2630.906 3697.250 3917.375 
123.781 737.562 738.375 837.656 1047.187 1165.000 1537.000 1850.718 1954.593 
305.531 867.343 1047.906 1175.593 1417.500 1722.250 1764.500 1800.968 2116.250 3042.781 
86.968 414.906 1357.875 1540.375 1684.812 
