25.875 122.312 358.750 402.062 406.218 476.687 588.718 626.343 856.937 1038.375 1256.156 1473.562 1490.000 1517.250 1649.875 3050.718 
21.312 90.437 187.031 385.500 400.781 405.156 541.875 640.625 686.531 738.593 870.593 1126.343 1286.687 1354.906 1587.750 1721.656 1870.906 1976.406 2713.937 
107.187 1309.093 1564.843 1685.875 1721.562 1914.500 2886.906 3266.125 3268.468 3898.531 3899.031 
46.593 47.468 603.593 614.812 641.437 761.781 857.343 858.625 1030.187 1085.312 1283.343 1375.375 1422.312 1691.125 1721.062 1770.812 1779.937 1928.750 1963.718 
21.875 53.531 107.656 141.187 179.125 246.781 398.125 545.343 581.968 607.437 630.406 643.531 666.250 674.250 709.218 757.843 882.968 910.593 1004.281 1174.750 1438.968 1613.843 1623.250 1685.687 1687.375 1695.312 1726.156 1755.500 1869.250 1890.343 1919.531 1928.906 1930.031 1933.062 3162.062 
25.125 48.000 143.500 230.156 544.187 641.031 884.156 1199.281 1441.406 1478.218 1545.718 1593.812 1619.500 1623.562 1694.843 1722.687 1870.781 3344.125 3834.031 
682.812 758.531 986.000 1222.843 1378.718 1623.406 1951.843 1971.125 1999.218 3060.906 
100.031 135.718 377.218 403.687 670.937 907.000 914.687 1194.906 1210.125 1255.531 1256.625 1394.375 1953.906 
24.343 505.000 622.875 2243.187 
47.843 1024.531 2030.906 
