51.843 69.312 71.406 80.093 127.687 184.593 187.250 390.375 401.468 404.406 431.250 433.843 458.843 459.218 713.343 832.437 853.656 926.437 1022.625 1120.843 1413.843 1743.187 1744.656 
26.687 51.218 126.000 250.812 289.468 375.937 462.437 543.281 563.875 607.781 726.406 813.281 819.875 840.093 892.125 1013.593 1025.906 1028.250 1158.906 1205.125 1207.000 1446.593 1492.343 1563.625 1709.281 1929.843 2959.218 
27.687 53.250 186.000 335.093 391.906 397.500 455.437 457.031 611.437 711.000 760.437 820.437 1144.593 1205.625 1206.468 1305.562 1344.375 1518.375 1626.875 1906.437 2730.281 2731.125 2739.500 3334.750 3816.656 3856.781 3858.125 
28.906 52.875 68.468 79.125 203.718 231.875 313.593 461.656 658.843 762.406 765.406 833.750 925.000 970.375 1024.343 1149.000 1279.437 1312.968 1381.812 1495.812 1568.000 1612.375 1727.187 1804.156 1845.843 1862.593 1926.125 2881.437 2907.218 3313.250 3620.531 3622.781 3630.093 
239.250 396.125 453.125 455.750 461.250 519.000 542.218 595.906 663.375 718.656 825.875 1208.062 1385.343 1435.875 1502.687 1629.187 1684.937 1740.125 1743.500 1821.750 2843.781 3058.687 
29.156 125.812 212.062 337.375 352.093 381.156 429.718 525.906 595.437 636.500 1066.843 1097.937 1366.500 1412.843 1524.625 1973.937 2973.687 
52.843 157.187 253.093 388.125 437.625 1011.937 1343.687 1378.062 1407.750 1527.375 1565.062 1820.250 3897.750 
52.375 67.843 81.031 96.437 126.562 127.687 314.781 389.000 435.687 441.281 560.781 594.593 825.281 836.125 981.218 1063.937 1165.531 1522.718 1744.375 1930.812 3907.781 
41.750 407.218 460.125 486.218 841.093 1006.062 1096.500 1160.281 1469.937 1822.750 1962.468 3423.750 
73.093 1100.718 1554.031 1670.750 
