224.812 229.250 254.031 837.125 899.406 1011.968 1142.968 1191.406 1260.937 1296.125 1361.156 1465.281 1498.156 1561.500 1648.843 1701.687 1706.218 1762.500 1790.093 1862.031 1911.906 3429.906 3434.187 3917.312 3935.187 
23.437 48.000 104.968 145.875 356.750 385.062 414.875 524.187 551.031 714.500 717.593 762.531 872.000 874.687 916.718 995.687 1045.937 1129.500 1137.656 1244.125 1359.781 1363.375 1588.843 1650.875 1679.468 1721.656 1913.656 2778.625 3192.250 3516.625 
27.968 51.281 138.125 146.156 150.500 224.187 240.312 334.593 373.531 384.593 388.468 713.843 761.343 858.156 860.343 1186.812 1228.406 1499.312 1600.500 1654.093 1847.187 1911.093 1988.875 2595.718 3896.468 
25.000 42.156 144.875 154.593 185.093 229.000 338.375 372.125 664.718 666.187 900.750 1132.875 1138.531 1296.875 1299.812 1356.781 1417.218 1549.187 1566.718 1571.437 1596.593 1631.375 1651.531 1817.468 2317.000 3863.937 3866.000 
131.000 145.937 224.500 372.093 387.000 539.281 665.937 712.937 718.437 794.375 856.343 917.656 955.750 1098.000 1163.281 1360.312 1417.937 1421.000 1592.250 1593.531 1680.937 1774.531 1860.062 1918.687 2607.781 2938.906 2972.406 3019.843 3532.843 3589.062 3626.187 
43.687 48.968 107.125 124.312 128.562 139.281 148.906 150.343 184.812 335.125 335.750 352.718 379.062 424.031 528.937 538.687 554.000 568.687 713.187 715.750 759.843 880.781 903.312 970.437 1134.937 1220.250 1346.125 1361.218 1793.000 1925.093 1926.968 3136.468 3189.468 3320.468 3957.500 3961.468 3991.687 
27.656 128.031 163.375 291.187 373.562 413.781 666.687 834.656 900.437 1023.937 1551.718 1595.343 1655.968 1916.937 3331.531 
150.968 247.062 279.312 384.875 764.437 797.750 1138.531 1244.843 
127.250 667.531 915.437 1572.000 1965.593 2992.187 
175.718 230.250 238.937 276.937 374.000 716.468 880.406 916.468 956.468 975.812 980.875 1464.187 1595.187 1706.437 3272.468 
