22.250 23.656 27.000 40.406 289.750 421.437 423.875 583.343 699.218 700.343 721.156 866.937 1583.937 1796.562 1876.781 1982.312 3277.718 3297.218 3525.218 
155.000 342.781 368.781 447.687 536.687 614.812 725.187 784.218 785.500 868.375 995.843 1013.187 1529.968 1534.125 1623.062 1663.718 1735.312 1908.656 2001.593 
24.375 46.000 199.750 224.906 249.406 423.812 539.812 677.562 864.500 885.375 994.812 1141.031 1244.593 1333.687 1399.781 1416.843 1451.687 1583.500 1647.375 1782.843 1832.718 1983.468 2001.187 
47.343 67.343 79.156 144.656 153.781 160.500 444.375 446.875 540.218 613.437 658.031 727.562 849.531 870.281 880.531 1005.437 1266.093 1345.062 1493.875 1583.906 1737.375 1846.062 1979.718 1982.156 
23.656 58.437 94.093 105.031 113.187 218.843 266.656 325.500 343.250 537.187 610.875 615.468 652.281 925.718 953.500 981.156 1064.593 1605.000 1647.750 1753.375 1847.062 1874.750 3475.593 3525.718 3547.562 
12.000 25.812 340.437 534.625 562.562 566.468 572.281 611.125 613.500 659.593 665.187 807.531 833.968 1007.781 1584.218 1599.937 1760.500 1841.687 1907.875 1961.187 2896.312 3352.343 3361.343 
69.750 160.031 194.312 367.750 412.187 414.343 686.468 729.718 870.156 951.687 957.593 1224.218 1336.687 1472.406 1600.906 1788.406 1984.937 
58.562 101.781 154.343 161.281 570.718 646.562 691.437 703.843 1065.906 1419.812 1578.656 1800.281 2390.375 2935.906 3851.562 
31.656 40.437 250.437 269.718 282.593 356.625 447.343 702.312 1189.750 1451.656 
340.343 728.812 884.718 1068.687 1657.218 1778.656 
