179.000 264.218 306.843 423.250 591.531 740.906 752.812 785.125 900.593 923.468 1465.062 1856.812 
15.906 78.218 230.156 359.937 742.968 777.093 953.312 968.781 1328.312 1424.062 1859.687 1943.562 1986.406 1988.718 
15.093 15.625 19.625 26.375 193.156 210.593 389.562 651.375 653.343 654.625 680.187 771.281 953.250 1249.218 1303.531 1393.750 1395.687 1427.906 1784.000 1854.156 1856.000 1858.812 2992.156 3308.843 
15.843 244.718 359.875 360.968 581.250 594.562 651.218 723.906 799.281 927.468 998.500 1231.000 1326.781 1393.437 1515.593 1520.000 1604.656 1606.250 1736.500 1762.281 1771.812 1948.750 3045.718 3455.250 
24.656 48.375 79.843 141.937 159.875 182.312 246.812 249.187 260.687 301.781 302.468 318.812 390.281 464.843 465.500 502.625 575.906 584.437 639.750 650.437 705.187 800.125 899.468 918.531 920.906 997.343 1179.031 1192.562 1227.156 1229.750 1259.406 1302.031 1330.281 1452.750 1632.687 1679.812 1863.562 1992.187 2113.125 2130.812 
79.062 158.281 276.031 305.750 317.531 404.500 465.625 586.187 600.625 653.375 775.312 847.593 907.031 1137.312 1176.218 1258.750 1263.750 1358.250 1458.593 1461.906 1553.687 1568.406 1636.468 1641.343 1682.750 1685.093 1758.687 1945.531 1946.625 1951.656 1988.343 2621.000 
19.093 273.906 501.375 652.468 657.343 823.500 1232.468 1396.156 1452.500 1638.812 1859.343 3319.093 3557.468 3631.812 
305.187 535.875 654.593 684.437 800.250 802.500 902.125 910.375 1138.281 1590.625 1738.968 1860.781 
77.062 214.937 264.718 524.312 1785.312 1811.250 
305.437 957.593 1555.781 1560.718 1768.750 1977.531 3413.656 
