20.562 101.031 146.000 268.656 313.968 358.343 408.968 505.843 580.781 647.812 669.000 951.187 1153.656 1217.875 1218.968 1685.125 1840.031 1909.218 2208.968 
21.437 23.718 47.000 94.062 149.437 227.250 269.843 270.468 344.156 448.593 522.781 721.375 937.562 950.625 981.812 1214.593 1247.250 1276.062 1377.343 1481.062 1578.968 1910.937 
95.500 145.875 149.937 268.187 268.781 269.937 282.062 309.781 490.468 529.968 583.062 645.875 948.031 1216.437 1482.843 1484.531 1616.406 3316.625 
40.593 127.593 152.687 269.781 419.718 464.968 467.250 473.843 645.750 707.343 958.062 1204.062 1274.562 1282.656 1380.781 1484.562 1491.375 1517.250 1687.843 1908.781 2004.156 2005.906 2207.625 3975.343 3978.781 
21.250 25.687 153.750 245.031 249.093 270.156 284.250 453.906 469.875 495.593 529.812 644.062 648.218 792.281 965.875 969.906 1013.718 1157.937 1194.843 1247.250 1393.718 1402.593 1404.281 1488.218 1752.093 1932.187 2003.031 2342.968 2738.750 3213.218 
20.812 21.500 210.375 283.718 498.875 646.562 1008.062 1223.656 1286.250 1546.125 1568.937 1871.781 1916.468 1951.843 1983.125 
145.906 246.343 274.156 455.500 649.281 674.093 824.531 996.531 1177.500 1224.812 1485.000 1494.156 1984.281 
497.562 1000.937 1223.062 1249.468 1366.375 3356.531 
38.531 245.781 508.593 560.156 1286.156 1753.375 
282.500 326.625 329.187 331.406 583.937 792.750 
