14.031 31.062 81.093 117.218 126.937 222.343 234.687 332.781 675.625 791.937 830.093 914.937 1445.968 1649.906 1945.000 2829.687 
15.218 36.375 127.062 722.875 830.125 1649.625 1751.000 1944.843 
14.218 81.406 126.906 676.718 1147.593 1648.937 
14.187 31.562 118.593 335.750 421.437 676.500 1522.093 1873.375 
13.968 31.468 421.281 723.250 1751.375 3172.312 
81.218 235.281 333.031 677.343 722.687 767.843 830.031 1513.468 1602.937 1792.687 1946.000 
13.593 17.843 31.750 82.375 218.625 424.218 531.156 924.531 1443.093 1873.093 3882.062 
15.031 32.093 723.093 1873.156 1964.468 3896.781 
127.156 514.812 677.062 723.468 829.781 1872.750 1945.500 
217.906 421.656 723.062 848.812 914.125 1751.937 
