13.968 17.937 47.312 93.093 122.687 134.218 242.281 375.937 400.968 437.750 515.750 697.406 1180.281 1299.625 1320.156 1390.187 1464.468 1481.781 1483.031 1531.468 1684.281 1748.468 1819.093 
14.281 18.093 1196.937 1320.500 1482.375 1685.437 1925.500 
12.125 18.687 93.562 375.406 545.781 654.093 697.781 1321.062 1482.562 1683.968 
13.812 93.500 135.718 343.187 589.593 1482.468 1684.562 
13.000 93.656 154.031 590.218 924.625 1482.875 1684.250 1927.125 
13.718 154.406 184.187 546.218 592.687 1301.500 1684.187 
93.593 203.218 243.218 343.500 515.875 1482.218 1685.312 1818.406 
14.218 203.250 590.468 657.750 925.906 1300.875 1320.281 1483.062 1546.843 
13.500 202.875 375.687 658.218 990.343 1301.125 1320.156 1482.531 1656.687 1685.031 
17.437 93.562 658.062 1483.031 
