10.593 64.000 71.093 124.718 214.781 315.031 470.281 583.125 720.250 846.562 890.687 989.812 1168.156 1211.875 1252.281 1335.718 1456.312 1843.718 1951.187 
10.062 11.468 12.781 71.125 124.250 215.093 315.093 470.906 708.500 845.812 990.000 1141.906 1184.531 1251.687 1335.500 1455.718 1584.781 1867.562 1950.937 
10.156 13.281 48.500 71.093 124.718 214.875 315.187 470.281 720.218 846.156 945.218 1051.812 1168.156 1251.812 1335.406 1455.812 1524.437 1561.125 1603.812 1626.750 1787.468 1868.500 1950.843 1952.656 3932.875 
9.843 11.312 12.718 63.531 94.625 124.093 314.500 359.031 545.281 583.718 708.812 719.906 846.406 937.312 990.781 1140.718 1168.093 1185.093 1334.781 1456.500 1787.875 1841.937 1868.781 1948.531 1951.125 1952.218 
10.531 12.125 46.156 64.312 71.093 93.531 113.750 124.937 214.687 251.312 314.375 357.406 370.562 470.187 517.156 546.781 596.875 719.937 846.468 1050.562 1167.968 1213.375 1251.781 1298.406 1335.000 1435.562 1560.750 1787.656 1799.468 1843.656 1868.406 1926.031 1950.531 1952.687 
10.250 11.593 63.500 71.718 112.812 124.937 215.156 315.843 470.062 720.718 846.968 990.906 1050.312 1168.531 1252.468 1298.906 1336.250 1456.031 1524.406 1603.281 1868.937 1947.093 1951.437 
10.062 11.406 14.093 63.656 71.937 124.718 170.125 214.718 284.062 315.312 358.437 471.187 720.062 846.968 1051.562 1098.031 1140.656 1213.843 1252.187 1335.125 1456.843 1626.656 1787.406 1869.187 1951.906 
9.812 11.375 12.906 93.906 124.718 215.125 250.625 314.906 470.656 720.437 846.468 890.468 989.875 1051.218 1141.031 1251.656 1336.562 1456.437 1524.156 1603.968 1681.187 1800.500 1869.062 1922.937 1949.812 1951.937 
10.343 11.656 13.093 70.843 115.343 125.375 214.843 248.531 314.968 458.687 720.312 846.906 992.531 1052.468 1141.562 1168.281 1251.968 1335.562 1562.468 1627.437 1788.062 1800.031 1870.437 1951.812 3734.343 
10.125 12.312 14.593 71.250 94.250 215.093 316.187 358.343 471.093 709.531 846.875 891.125 1052.093 1142.000 1168.656 1335.656 1456.468 1628.406 1800.000 1951.312 
