12.781 86.750 166.593 196.406 448.687 522.312 778.562 958.843 1112.218 1180.906 1611.562 1717.406 1817.093 3773.906 
13.562 22.468 65.156 197.968 523.031 779.218 1180.500 1557.718 1718.468 1797.906 3926.812 
23.125 85.687 166.718 272.562 448.562 523.093 1112.125 1180.187 1718.812 1798.281 1838.218 
22.218 1612.031 1717.937 1817.781 
13.125 86.281 167.093 751.312 778.718 1180.406 1611.000 1817.687 1942.218 3123.875 
22.406 167.531 448.625 522.906 1611.906 1718.093 1798.750 1882.875 
22.156 272.875 448.312 522.968 1179.218 1207.000 1611.968 1800.781 1818.531 1941.625 
13.218 22.812 65.250 273.750 449.687 1363.343 
22.625 197.968 522.843 1180.500 1717.718 
13.531 779.156 1180.437 1611.750 1797.750 1817.843 
