9.656 11.093 12.437 53.093 96.093 113.375 307.437 308.906 432.437 592.750 700.468 762.375 874.343 992.562 1124.968 1208.687 1381.812 1421.343 1549.125 1572.250 1626.093 1628.000 1654.375 1696.750 1716.062 1738.312 1796.156 1960.468 
9.468 10.875 96.843 113.468 308.093 449.468 511.218 570.156 670.187 700.156 762.406 1063.750 1121.656 1125.062 1210.437 1382.656 1400.906 1421.781 1502.062 1574.781 1581.625 1623.750 1627.750 1659.125 1684.750 1734.625 1753.000 1856.906 1940.718 1960.531 
9.906 13.687 53.437 80.593 113.687 225.312 256.656 307.281 433.875 473.750 569.625 671.187 700.812 737.718 841.031 955.562 1004.375 1046.687 1121.437 1207.906 1211.187 1353.187 1383.500 1421.437 1450.000 1501.875 1538.687 1569.750 1611.843 1626.218 1628.406 1653.281 1670.312 1697.093 1715.656 1734.781 1740.875 1751.656 1795.187 1839.875 1855.281 1891.125 1931.656 
10.218 14.125 113.593 307.875 432.250 592.718 700.406 737.406 763.125 1123.062 1208.906 1239.656 1420.718 1451.437 1502.000 1569.000 1581.812 1622.718 1627.625 1659.187 1696.437 1750.781 1795.531 1855.906 
9.593 10.750 73.125 96.281 113.843 307.375 432.093 511.125 592.156 737.562 762.156 1003.500 1062.593 1124.593 1208.531 1298.375 1380.687 1421.093 1452.375 1504.625 1621.875 1627.343 1670.812 1697.375 1740.937 1751.718 1839.625 1855.968 3912.937 
9.812 11.062 72.250 113.593 225.812 307.375 309.406 431.843 592.062 762.437 1003.843 1062.937 1209.531 1421.343 1452.218 1574.656 1627.062 1658.625 1685.125 1715.937 1795.968 1839.687 1858.312 1934.125 
9.906 14.000 113.750 255.250 308.093 310.250 511.687 592.312 762.375 993.062 1073.812 1208.906 1240.625 1259.218 1350.000 1452.125 1574.031 1628.281 1716.406 1751.562 1796.906 1856.625 1935.187 
10.125 12.875 73.125 96.250 114.062 307.718 431.625 513.687 591.875 762.781 993.281 1064.062 1208.875 1299.031 1351.343 1451.531 1627.093 1670.750 1857.687 
10.281 14.187 97.937 308.343 346.187 592.968 737.875 762.531 1003.687 1064.062 1122.906 1349.937 1382.375 1502.593 1574.156 1627.375 1658.687 1697.531 1961.187 
9.968 12.500 114.093 257.437 307.750 511.343 592.531 762.750 1063.187 1091.687 1123.968 1319.343 1350.218 1382.437 1422.531 1451.687 1571.125 1659.156 1783.218 
