10.906 12.343 14.250 27.125 68.500 94.281 95.718 137.968 153.187 211.937 277.968 373.937 463.000 478.531 608.406 769.968 915.750 1045.937 1091.437 1163.281 1228.968 1271.687 1300.218 1345.718 1413.781 1438.343 1529.000 1571.718 1592.937 1640.187 1660.375 1715.156 1823.000 
11.000 12.187 93.625 95.531 153.625 212.468 278.781 437.187 769.406 955.500 1090.406 1163.375 1230.062 1270.500 1296.812 1411.281 1438.531 1485.468 1640.968 1659.968 1696.968 1714.875 1817.968 1961.156 
10.437 11.750 25.937 93.187 120.875 212.687 278.343 298.156 378.218 769.843 861.468 915.875 1090.687 1163.437 1229.593 1271.437 1412.375 1529.500 1593.125 1640.062 1660.125 1714.062 1799.875 1939.937 
10.531 11.656 25.968 93.875 95.718 120.906 154.187 213.031 298.343 340.750 376.093 437.125 528.000 861.343 915.625 1046.062 1093.250 1229.750 1271.781 1345.281 1476.312 1529.375 1640.218 1659.906 1715.375 1822.718 
10.968 13.156 94.156 120.687 153.343 212.906 279.031 298.375 377.218 479.062 608.812 769.843 915.843 1090.656 1163.437 1271.593 1410.718 1529.593 1640.812 1659.718 1822.343 
11.000 94.406 96.906 153.312 213.093 278.781 341.687 769.531 860.968 915.968 1091.218 1163.750 1230.437 1271.187 1439.468 1487.031 1590.937 1639.906 1660.687 1713.843 
10.781 12.218 26.625 94.500 154.312 213.031 297.812 769.968 916.000 1046.687 1090.968 1229.750 1271.062 1346.343 1529.093 1571.375 1639.781 1661.562 1714.843 1823.250 
10.906 96.218 213.656 298.906 437.593 478.156 861.500 916.250 1271.718 1412.125 1486.968 1530.875 1592.312 1641.343 1661.437 
11.062 11.781 12.531 94.250 121.343 213.593 279.750 437.937 479.125 770.593 917.031 1092.656 1164.312 1231.250 1271.750 1411.156 1530.062 1640.062 1715.250 1822.687 
11.093 11.625 12.406 26.937 94.281 191.562 213.281 463.937 771.156 861.968 916.156 1091.375 1164.031 1230.593 1270.250 1411.625 1529.812 1571.843 1640.250 1660.750 1715.000 1961.718 
