11.593 13.281 52.687 88.500 251.343 401.343 469.687 631.500 694.218 846.093 872.781 963.812 1006.125 1234.125 1285.531 1297.968 1360.218 1467.125 1731.843 1743.906 1808.156 1826.250 
11.312 21.625 88.250 211.968 271.781 319.093 401.187 805.000 964.593 1006.750 1286.718 1359.187 1435.000 1467.375 1519.625 1605.750 1651.093 1730.250 1744.437 1808.281 1826.156 
12.156 21.531 88.250 211.406 401.781 789.468 846.906 1006.562 1285.406 1435.781 1467.000 1743.843 1808.843 1826.562 1939.593 
12.218 55.781 88.437 228.156 258.343 319.312 401.531 468.718 489.656 804.125 846.187 890.500 962.781 1007.000 1111.156 1285.031 1359.250 1409.687 1467.187 1631.062 1662.187 1731.062 1743.906 1808.250 1825.625 
11.906 21.281 87.656 184.500 212.468 401.906 469.687 694.281 827.343 846.468 961.843 1006.968 1233.968 1434.687 1518.500 1617.625 1631.593 1662.281 1743.125 1808.187 1826.062 
12.656 87.968 163.968 311.625 401.750 469.593 632.406 846.187 961.906 1006.062 1286.875 1360.562 1468.062 1731.500 1743.937 1809.093 1826.312 
12.375 52.656 64.968 88.562 212.562 272.437 319.125 401.531 468.968 488.906 631.750 794.468 805.093 827.937 845.687 963.406 1006.875 1285.250 1328.562 1434.656 1631.656 1728.031 1742.875 1808.500 1826.125 3762.812 
11.437 88.250 255.562 310.875 402.250 471.093 488.781 846.718 963.468 1360.156 1434.343 1518.500 1631.812 1729.968 1744.843 1808.718 
11.656 14.593 88.375 211.718 319.500 402.406 827.437 964.750 1006.718 1285.531 1361.218 1410.156 1436.187 1467.125 1518.718 1744.281 1809.250 1826.250 
12.656 22.500 88.500 212.468 257.562 469.312 629.750 846.156 964.312 1007.312 1285.312 1436.187 1468.281 1607.125 1743.937 1809.093 1981.531 
