14.375 21.968 86.125 130.687 177.500 240.250 267.187 482.468 1009.312 1189.593 1318.562 1450.968 1517.625 1668.093 1693.593 1715.906 1796.812 1969.812 
12.031 21.937 63.500 84.125 131.375 177.343 240.000 267.218 419.718 764.062 999.593 1342.062 1466.625 1517.906 1576.218 1622.218 1651.218 1667.437 1713.781 1715.812 1797.468 1969.625 3955.562 
18.312 106.250 131.531 177.718 239.937 420.218 482.968 578.031 1165.968 1341.281 1423.156 1466.687 1517.937 1576.312 1666.687 1715.531 1796.375 1969.312 3933.031 
12.750 72.125 176.968 198.031 239.875 1188.218 1403.687 1493.781 1517.750 1623.375 1667.093 1694.437 1721.343 1796.531 1969.031 
13.875 22.375 131.343 178.093 240.000 267.312 456.843 747.937 962.125 1009.750 1166.468 1186.343 1317.375 1390.718 1517.437 1597.625 1623.500 1667.187 1715.343 1797.281 1952.937 1970.000 
12.968 21.843 131.312 177.718 199.656 240.562 266.468 410.218 1187.781 1341.718 1467.062 1487.250 1517.593 1597.031 1621.312 1969.468 
13.218 15.500 22.218 116.781 131.281 154.000 177.625 240.875 279.187 1000.218 1098.906 1188.500 1343.500 1403.718 1486.656 1494.468 1576.437 1622.187 1666.906 1714.000 1797.375 1818.000 1969.312 
13.031 28.000 131.531 177.812 240.687 435.906 646.062 662.218 674.562 748.781 876.062 978.968 1009.875 1186.750 1205.031 1341.625 1403.562 1487.093 1597.843 1668.156 1716.625 1796.750 1817.468 1969.437 
13.593 15.687 22.500 87.218 132.281 178.718 266.875 1205.687 1493.562 1517.843 1667.968 1797.281 1969.968 3804.062 
13.000 22.312 94.531 131.843 178.187 241.343 457.875 837.218 1167.187 1188.062 1468.031 1624.437 1666.968 1715.343 1818.125 1970.750 
