11.343 39.218 89.937 130.406 166.781 209.437 303.031 446.250 499.875 529.187 1025.031 1330.875 1693.343 1753.656 1834.656 
11.781 529.781 
12.187 13.750 167.656 487.156 529.468 1138.718 1752.406 1813.781 
13.406 38.500 167.562 500.875 1249.562 1752.687 1971.437 
1624.062 1851.218 
1331.062 1621.937 
12.843 15.875 90.375 131.125 529.468 1138.781 1403.593 1834.812 1851.375 1951.625 
12.437 530.062 1025.312 1331.500 1625.125 1754.156 1814.468 
169.343 529.468 1332.562 1623.968 1878.593 
1137.812 1852.375 
