13.406 18.156 86.843 303.093 472.062 605.875 823.250 860.562 978.687 1265.843 1282.156 1312.906 1479.562 1568.906 1836.062 1921.000 
13.593 17.906 472.781 978.406 1053.156 1266.343 1313.187 1510.656 1543.062 1569.656 1595.093 
13.031 15.562 439.343 978.093 1116.125 1313.062 1510.468 1543.625 1569.468 1868.312 1952.218 
15.687 16.968 18.500 472.562 748.625 978.500 1051.093 1313.250 1467.000 1510.750 1544.218 3435.312 
18.125 350.906 977.937 1054.406 1313.093 1415.937 1890.125 
17.750 439.812 526.875 952.468 980.031 1266.437 1312.468 1543.687 1952.250 
606.687 952.843 978.625 1116.843 1313.093 1466.968 1543.125 1689.375 
1266.250 1312.875 1570.250 1952.625 
13.781 649.343 978.718 1266.750 1467.250 1545.625 
13.750 230.968 401.375 978.000 1266.250 1510.875 1543.625 1752.187 1868.031 
