14.156 63.937 85.218 110.906 112.968 121.718 158.843 185.500 214.125 237.625 239.812 279.062 381.812 428.843 443.000 459.312 636.718 639.812 786.406 1033.031 1085.218 1113.218 1184.531 1315.437 1476.750 1568.843 1651.156 1681.062 1872.156 1927.625 1974.593 1976.875 
13.000 48.937 64.406 81.375 107.375 110.000 150.500 166.062 238.531 331.937 362.812 413.000 442.593 458.656 638.125 733.718 813.031 984.312 1090.437 1137.968 1183.968 1236.906 1320.625 1569.187 1643.531 1679.187 1830.562 1975.906 3016.468 
13.843 64.375 86.468 106.562 109.093 121.875 159.468 214.375 236.968 239.125 265.750 411.656 428.781 459.406 638.187 784.218 957.062 1038.250 1090.437 1137.812 1183.718 1237.031 1259.562 1315.906 1575.531 1647.406 1680.687 1822.906 1929.906 1976.156 
13.531 63.500 81.156 105.500 111.468 159.000 238.062 428.968 442.812 458.281 638.000 680.406 785.843 812.843 906.500 1013.343 1086.593 1184.718 1237.468 1315.718 1324.375 1478.093 1569.062 1643.468 1678.156 1944.812 1976.187 
13.218 31.875 63.812 85.437 106.250 112.031 146.406 159.093 218.250 240.156 306.343 342.312 443.187 458.156 637.875 714.250 736.843 789.625 931.343 957.812 985.343 1115.062 1127.593 1184.343 1315.500 1323.562 1642.875 1678.187 1681.406 1904.000 1976.000 1978.437 
13.843 49.937 63.312 108.718 110.968 122.031 146.250 239.468 306.187 333.312 411.656 443.093 535.687 564.875 638.187 640.531 714.250 786.031 812.500 966.531 1041.281 1111.531 1176.312 1184.625 1236.406 1315.593 1323.843 1477.843 1569.281 1651.875 1680.250 1825.125 1945.968 1976.187 
13.875 39.218 65.093 81.750 106.156 108.843 112.968 121.968 159.218 163.937 213.562 236.656 306.906 337.156 429.437 459.406 637.843 640.093 714.250 785.687 812.781 957.906 1090.343 1112.593 1177.562 1315.031 1324.031 1388.718 1679.687 1698.281 1873.250 1930.000 1976.218 
13.687 16.562 64.406 106.125 112.406 122.562 144.781 160.062 239.062 256.968 262.687 335.218 413.437 442.937 637.750 784.906 812.718 1042.062 1089.000 1113.718 1177.781 1237.125 1324.625 1476.750 1575.562 1629.968 1678.781 1873.968 1975.750 
12.750 85.187 107.218 238.468 337.875 428.937 460.281 640.000 812.937 1090.500 1113.437 1237.125 1315.781 1389.062 1477.625 1679.843 1801.250 1976.062 
13.781 38.593 64.937 106.937 112.250 122.468 150.968 215.187 233.812 239.375 264.968 306.562 333.156 337.000 413.656 428.687 443.312 459.156 639.281 715.968 785.656 812.406 910.875 919.218 959.031 985.937 1037.093 1087.718 1169.312 1184.375 1236.218 1315.125 1321.468 1569.000 1644.562 1677.593 1904.156 1975.593 1979.156 3977.500 
