14.406 39.593 51.968 66.312 97.281 124.375 328.812 526.531 864.906 968.343 1215.531 1346.843 1688.687 1755.781 1894.656 
14.531 40.781 65.625 67.437 109.062 124.750 266.656 331.937 642.625 874.656 1742.812 1755.593 
14.375 45.187 66.312 106.906 216.937 265.250 325.875 421.625 455.906 643.843 1206.812 1336.906 1478.625 1754.312 
14.375 16.843 42.000 65.906 264.562 873.781 1478.781 
14.531 40.281 65.937 96.781 214.468 442.156 526.687 873.375 959.656 1203.875 1478.093 1741.718 1756.156 1806.437 
39.750 263.937 1101.000 1134.562 3374.625 
40.250 44.687 67.593 119.750 264.968 619.937 1136.062 1214.843 1479.500 1691.218 3914.812 
43.781 68.093 268.625 328.218 
15.125 40.250 50.906 65.218 97.062 266.125 420.593 453.812 498.093 526.781 639.906 873.000 1346.406 1432.593 1479.218 1651.000 1661.656 1691.125 1755.156 1756.281 1890.500 
42.593 51.812 66.875 108.437 122.843 873.625 1742.593 1756.312 2862.250 
