17.062 76.781 80.375 183.750 208.843 576.031 704.187 766.812 1007.218 1114.500 1260.875 1293.093 1355.968 
17.968 74.531 80.156 113.812 185.250 198.093 210.062 220.468 310.968 444.125 574.875 578.531 705.343 764.531 1011.593 1119.218 1355.375 1361.781 1874.000 1878.406 
17.687 73.687 78.656 115.625 179.750 191.687 209.500 444.031 540.687 574.625 764.093 830.968 846.406 1099.781 1119.593 1515.656 1615.500 1873.000 1878.843 
17.906 80.718 114.562 188.625 210.281 575.187 705.531 767.125 1011.000 1120.343 1616.687 1878.250 
16.687 77.312 81.000 218.906 313.843 542.000 576.312 767.125 897.406 1120.750 1456.281 1515.437 
16.843 74.062 82.281 114.375 183.718 209.968 222.093 254.843 443.250 478.937 575.187 704.375 768.062 1011.875 1259.781 1355.625 1525.812 1878.250 
16.937 28.781 78.718 81.343 115.125 191.593 208.968 219.125 315.062 442.468 479.093 543.843 576.218 703.812 768.000 1009.562 1115.906 1703.250 1872.781 
17.500 76.031 82.187 209.968 576.562 707.156 762.593 1011.968 1515.656 1636.406 
17.343 80.468 91.187 177.562 208.875 443.093 702.625 769.218 1011.937 1114.906 1274.093 1456.562 1873.468 
17.187 80.750 186.125 188.500 209.375 310.937 444.062 574.875 1354.437 1456.468 1515.125 
