15.406 81.343 84.750 160.125 184.562 277.343 319.468 346.437 448.031 532.125 632.437 638.156 648.312 725.781 825.625 981.687 1300.875 1383.843 1541.093 1582.406 1614.468 1650.375 1870.187 
15.093 73.500 81.968 116.875 163.531 183.187 187.812 222.906 262.343 274.531 346.750 447.781 561.812 626.968 639.843 727.437 825.468 866.968 1090.718 1241.593 1301.625 1308.812 1377.312 1650.093 1675.687 1977.593 
14.781 73.656 80.937 84.781 131.937 163.781 184.343 229.218 265.406 277.062 300.968 320.531 346.718 448.375 610.156 633.906 659.156 726.843 747.687 980.218 1303.250 1307.875 1511.125 1541.187 1641.781 1718.656 1869.312 
14.906 71.625 82.062 122.281 161.031 179.218 186.625 187.875 222.187 267.593 274.875 303.375 448.500 517.750 560.843 631.625 633.968 659.687 726.718 749.156 824.562 1090.812 1200.625 1301.250 1376.906 1613.500 1647.500 1711.531 1868.218 1871.968 
14.343 71.781 82.781 84.781 93.000 163.000 185.968 187.906 222.718 265.281 290.656 339.156 347.062 532.656 559.125 660.312 748.531 981.000 1299.906 1541.531 1613.562 1646.968 
14.718 71.687 82.812 85.000 118.718 161.125 164.062 185.375 222.656 227.406 273.781 287.218 302.718 347.437 426.968 559.781 625.562 726.843 749.312 826.468 867.937 1238.593 1302.343 1458.093 1613.093 1645.281 1718.500 1778.812 1807.562 1868.250 
14.781 71.250 81.343 122.937 161.562 185.593 188.000 224.562 346.906 426.187 447.812 492.437 631.625 748.687 1224.687 1306.750 1382.156 1614.218 1860.906 
15.468 72.906 81.718 130.062 161.468 184.750 224.000 277.250 347.062 637.468 726.125 749.218 826.000 981.531 1510.906 1613.218 1645.531 
14.531 72.375 82.593 115.812 163.156 184.750 227.937 277.250 449.500 637.375 727.093 749.218 826.250 1613.375 1688.375 1780.593 1861.062 3236.062 
14.875 73.000 81.687 85.156 163.125 225.375 262.625 277.375 551.312 631.937 727.375 825.937 982.343 1301.937 1378.468 1613.718 
