23.031 390.468 512.875 554.343 920.812 1039.656 1134.875 1255.687 1318.093 1496.687 1540.031 1823.125 1891.875 1920.781 
20.406 21.437 243.812 383.250 555.000 651.718 920.781 1256.968 1316.156 1489.468 1823.093 1901.562 3397.093 
21.937 178.343 244.218 389.687 920.781 
21.750 23.750 179.250 244.093 379.062 721.843 1319.437 1495.437 1821.437 1889.968 
114.187 178.406 736.218 920.093 1004.062 
114.468 243.906 513.343 920.687 
21.250 22.375 243.968 385.281 920.687 1738.625 1920.875 
118.218 179.687 244.250 391.125 720.312 920.531 1037.875 
389.312 688.656 1315.062 1495.750 1739.437 1921.781 
22.062 27.500 555.187 920.500 1004.468 1250.593 1920.750 
