21.531 37.125 122.500 140.812 291.031 370.656 577.656 1074.375 1173.125 1300.906 1309.937 1312.281 1362.500 1385.718 1459.562 1469.187 1604.312 1650.625 1669.968 1682.687 1740.906 1747.625 1757.937 1772.906 1863.093 1874.875 1897.500 1973.375 1976.906 2472.031 
21.406 22.906 84.375 123.500 141.000 157.625 337.843 366.937 584.312 996.718 1173.218 1301.812 1310.750 1362.093 1385.000 1469.250 1560.312 1655.062 1681.937 1733.156 1748.468 1773.437 1874.125 1895.437 1972.250 1977.500 
20.843 37.281 68.562 156.687 289.406 297.062 587.687 845.187 1073.812 1300.187 1310.093 1362.468 1470.437 1559.187 1655.593 1669.375 1683.125 1756.531 1774.000 1791.687 1860.093 1875.375 1897.875 1979.125 1982.687 
19.937 21.593 27.031 37.250 124.562 139.468 148.968 248.500 297.531 338.093 368.312 460.343 659.125 844.968 1066.343 1173.156 1219.906 1301.812 1310.406 1460.000 1558.937 1682.000 1731.000 1736.625 1746.406 1773.812 1804.718 1872.125 1899.750 1921.218 1972.156 1977.625 
21.656 31.718 38.843 77.593 114.656 250.812 367.093 414.468 576.531 665.156 845.187 1190.468 1289.625 1301.375 1310.218 1314.343 1385.468 1388.250 1460.312 1559.125 1650.250 1670.156 1682.843 1746.125 1760.562 1776.906 1791.468 1863.906 1872.437 1896.562 1904.093 1923.687 1973.156 1980.937 3028.000 
21.218 23.343 368.656 844.125 1172.375 1309.375 1386.750 1459.250 1470.343 1565.281 1652.500 1671.937 1733.843 1745.906 1773.125 1791.500 1860.312 1872.062 1894.187 1906.812 1972.218 1979.531 
22.687 250.406 368.312 1310.062 1386.375 1470.812 1560.062 1650.968 1682.625 1732.031 1747.531 1804.531 1863.718 1871.687 1904.437 1972.343 1974.843 1982.906 
21.687 77.500 292.375 367.343 572.625 586.031 1072.781 1310.093 1363.000 1385.156 1457.531 1560.968 1683.468 1736.812 1773.281 1775.500 1874.062 1973.406 
22.000 32.250 369.718 1001.187 1309.875 1363.312 1386.937 1462.312 1489.062 1560.375 1682.906 1745.906 1873.812 1976.875 
19.718 21.843 251.375 288.281 338.593 369.468 844.593 1073.281 1363.875 1463.562 1560.312 1682.625 1731.531 1747.000 1864.593 1875.812 1899.468 1982.812 
