38.687 122.718 237.250 245.718 282.312 298.468 309.500 325.468 339.687 371.375 384.250 390.312 529.281 655.218 731.937 774.906 966.375 1104.062 1260.750 1404.375 1674.968 1884.437 1942.437 
39.062 43.468 775.031 3624.937 
35.437 119.812 392.000 1090.093 1641.218 3875.218 
34.375 43.625 123.093 283.281 1106.625 
39.250 43.656 239.031 340.156 1377.843 
35.625 37.875 123.468 245.718 329.187 384.343 529.812 1942.250 
969.218 1531.812 
35.062 43.875 236.718 530.593 653.687 775.312 3628.375 
44.312 330.343 773.781 1101.062 
120.906 476.250 530.000 775.000 1048.968 3010.781 
