10.750 12.031 35.562 64.187 142.812 147.531 181.875 286.000 464.062 687.875 725.218 776.406 845.687 920.406 998.156 1134.656 1287.000 1302.062 1476.593 1896.500 
10.468 11.906 49.343 142.750 146.531 285.437 518.375 553.437 599.250 999.468 1287.562 1301.968 1476.875 1712.875 1835.187 
10.687 13.218 83.875 143.562 242.343 286.312 416.375 518.406 559.437 599.093 689.156 728.250 1134.843 1287.656 1291.250 1301.906 1480.156 1834.062 3334.531 
10.718 12.000 67.531 143.531 417.125 515.625 553.781 658.468 1291.093 1480.312 1612.375 1711.687 1834.625 1841.312 2590.031 3189.156 
10.656 12.593 53.593 142.687 237.687 286.906 416.125 517.593 545.281 559.625 657.125 683.531 688.500 733.093 769.656 775.968 844.218 920.437 1135.125 1288.437 1301.812 1431.625 1476.437 1612.250 1835.531 
10.593 12.062 114.656 141.312 144.093 242.250 285.812 413.031 417.125 545.562 559.343 598.687 687.656 831.875 846.281 1287.281 1300.812 1431.687 1479.812 1613.312 1805.468 1835.375 
10.968 12.468 12.718 68.906 143.031 149.500 285.375 414.656 509.718 518.875 561.125 598.656 681.625 687.718 769.000 775.625 920.968 999.656 1095.156 1291.000 1301.968 1426.125 1475.750 1712.156 1835.656 
10.812 12.562 13.750 142.843 599.593 999.875 1712.218 1835.906 
10.843 12.500 142.812 242.687 286.593 508.562 680.250 1001.625 1478.250 1710.968 1835.062 
10.968 13.937 143.000 286.781 599.062 1001.781 1287.781 1304.093 1477.750 1835.718 
