11.750 13.281 148.062 160.562 206.718 357.218 536.250 629.187 1140.437 1402.093 1565.437 1634.000 1907.625 
11.968 14.187 59.593 101.625 195.562 1028.187 2316.250 
11.781 57.656 152.593 155.968 197.125 234.437 432.156 536.843 1402.687 1633.406 1780.750 
10.968 14.593 58.781 149.562 181.687 1379.250 1404.656 1471.531 1564.031 1904.281 
14.500 1027.437 1402.062 1633.093 1736.687 1904.812 
15.843 55.375 149.312 162.625 197.250 232.218 1028.468 1140.593 1402.750 1471.781 1905.500 
11.437 14.781 1260.656 1403.000 1781.968 3733.875 3734.218 3766.781 3775.062 3875.281 
11.906 56.750 57.593 631.812 809.125 1029.437 1141.687 
57.125 1737.593 3677.031 3715.656 
14.500 58.656 163.218 181.906 357.625 1028.968 1141.781 1909.875 
