16.437 28.187 30.437 72.562 84.562 134.968 147.375 179.968 183.500 229.562 289.781 391.375 415.906 531.656 563.562 603.687 777.656 860.031 920.281 946.062 1001.468 1007.156 1134.531 1324.812 1575.406 1661.062 1727.437 1954.187 1971.031 
16.156 30.000 98.281 117.218 138.687 179.218 185.968 230.000 282.250 288.156 415.562 441.187 458.250 531.187 563.687 694.687 935.875 1659.875 1726.875 1867.937 1952.875 1972.187 
16.000 28.375 30.500 40.937 53.906 69.718 95.437 136.843 178.843 182.812 259.218 285.656 291.500 292.875 391.062 415.562 457.937 563.000 603.312 663.968 918.281 934.781 1002.593 1138.250 1576.062 1660.718 1727.031 1728.906 1953.000 1971.937 
15.843 29.062 31.375 94.593 117.468 147.656 186.031 207.281 229.968 285.406 291.156 358.906 415.187 533.718 564.062 694.937 916.031 937.062 1002.375 1007.343 1135.375 1661.031 1726.562 1954.812 1956.937 
16.718 28.656 30.468 37.781 96.406 178.937 183.375 211.406 255.968 288.031 414.968 457.875 533.375 606.500 694.000 860.375 915.656 1003.218 1133.375 1486.468 1661.687 1729.875 1952.937 1955.750 1972.156 
17.062 19.093 29.281 30.843 50.187 95.937 135.000 144.062 180.750 183.406 257.000 289.906 396.218 415.656 459.250 563.406 777.875 916.000 1003.562 1237.468 1727.312 1953.687 1957.468 1972.843 
16.062 29.500 31.750 96.437 144.687 285.343 415.843 695.406 940.125 1137.687 1574.906 1662.937 1727.375 1953.781 
15.968 29.593 96.968 182.093 186.750 415.875 530.406 563.687 695.125 918.312 1324.375 1575.281 1660.625 1727.656 1868.875 1954.687 
16.187 29.812 99.281 180.250 186.406 289.968 416.187 529.625 606.406 861.531 1001.531 1238.437 1325.218 1662.687 1727.937 1869.437 1954.156 1973.218 
16.281 28.593 30.968 96.062 180.593 256.812 417.125 531.250 602.562 1002.687 1135.343 1575.531 1662.406 1727.531 1819.437 1954.562 1957.093 
