11.375 67.750 157.593 297.062 728.093 1082.656 1200.281 1678.187 1753.062 
116.000 297.656 453.562 622.750 1083.906 1200.250 1678.875 1753.968 
13.093 156.718 1082.875 1200.812 1754.750 
188.625 764.156 1200.093 3834.593 3866.000 
343.625 491.593 622.968 729.000 1060.031 1083.093 1201.312 1678.500 
12.593 298.093 622.718 1039.468 1081.625 1605.750 1754.531 
12.968 39.000 343.812 491.218 623.406 728.125 1200.625 1678.406 1754.718 3377.968 
12.562 69.218 298.468 624.500 729.250 1034.281 1082.531 1200.968 2921.343 
12.062 365.125 943.687 1082.843 1200.968 1677.968 1754.000 3106.437 
188.093 490.625 1060.781 1084.218 1677.843 
