10.531 42.750 50.343 80.875 87.406 177.000 188.750 192.906 311.062 403.562 508.718 585.812 905.906 1130.031 1331.218 1402.687 1514.250 1560.750 1845.125 1946.406 1953.218 1984.750 
11.281 42.812 88.781 241.343 584.968 979.593 1953.250 3695.500 
11.250 87.000 186.281 829.406 1337.218 1954.750 1985.500 
11.312 242.468 979.468 1331.593 1338.281 1404.500 1514.906 2868.500 
11.000 43.843 56.375 88.468 167.593 322.781 1035.343 1967.718 1985.968 
11.062 45.406 185.000 242.187 665.593 979.656 1985.875 
11.156 241.843 486.531 901.312 978.562 1319.562 1514.968 1947.343 
235.968 241.593 399.968 1338.937 1514.812 1985.468 
185.218 239.875 451.187 1516.656 1651.281 1985.843 
10.937 43.375 186.031 517.281 1336.625 1516.281 1985.468 
