15.875 17.281 38.718 41.000 130.250 177.906 195.000 275.187 286.812 462.718 537.906 876.750 1185.750 1248.812 1579.968 1929.937 
15.562 17.906 39.312 48.437 124.000 135.250 202.156 286.781 863.281 975.718 1185.750 1189.312 1563.843 1577.656 1938.187 1981.750 
16.843 38.312 39.500 123.968 194.062 203.156 285.500 333.843 537.593 605.187 852.250 876.687 910.406 1187.125 1248.750 1303.906 1578.281 1837.406 1862.562 1941.562 1981.781 
15.375 38.968 104.031 125.437 206.906 214.406 277.156 333.843 658.000 863.218 876.937 907.687 977.406 994.750 1081.000 1184.000 1186.875 1496.906 1577.125 1689.562 1837.250 1922.937 1945.687 
16.687 39.437 123.031 159.156 176.218 201.937 293.625 333.625 661.656 679.375 748.968 790.500 853.250 876.843 990.906 1079.562 1188.531 1577.437 1838.000 1889.125 1949.187 
16.343 39.468 103.218 123.156 135.062 203.375 215.875 293.375 379.187 468.781 538.375 850.218 866.750 877.718 1184.593 1248.156 1303.906 1576.937 1837.093 1944.093 
15.250 16.656 39.843 123.562 177.937 195.218 203.812 295.218 333.687 660.343 694.656 867.062 876.781 907.437 1189.000 1303.718 1562.656 1688.312 1925.687 3479.343 3773.375 3803.156 
15.937 40.218 134.937 177.218 1189.312 1579.406 1641.750 1687.562 
15.687 50.187 148.843 177.406 203.093 288.125 334.062 539.406 862.500 1185.937 1754.937 1831.656 1861.062 
16.500 39.406 125.968 177.500 285.468 538.375 749.968 995.906 1186.343 1580.093 1688.218 1755.093 
