13.062 254.312 305.156 368.562 512.562 681.531 941.375 1135.375 1148.781 1272.250 1347.375 1362.718 1435.375 1463.312 1872.843 
13.031 257.000 513.375 717.812 841.187 942.156 1267.031 1347.656 1873.250 1874.781 
75.968 255.468 368.750 514.375 1135.718 1267.000 1435.406 
13.375 14.406 53.468 188.843 255.531 369.312 372.406 512.250 743.750 1152.062 1184.812 1355.093 1435.562 
76.937 254.218 368.000 461.937 512.375 941.531 1107.718 
76.500 369.812 941.437 1180.593 1873.906 1964.968 
76.312 255.406 368.812 
77.187 255.625 330.968 511.718 1186.156 1344.093 1434.968 1873.125 
12.625 254.812 333.562 368.000 462.281 512.875 682.343 941.062 1135.593 1268.968 1347.406 1810.031 
12.937 76.593 512.125 744.843 1266.625 1873.812 
