18.093 37.656 59.062 95.687 98.812 121.031 142.062 171.031 215.031 221.500 322.875 326.437 379.812 472.875 484.718 551.500 657.218 939.437 1005.406 1021.281 1127.750 1180.250 1231.593 1290.031 1414.093 1492.843 1512.875 1539.500 1554.156 1639.687 
19.625 37.187 57.968 96.375 98.687 119.781 142.031 144.000 169.500 215.156 217.843 321.843 483.656 505.312 524.031 640.781 658.625 712.500 870.000 1006.375 1020.781 1128.750 1181.593 1211.062 1289.187 1427.343 1512.843 1538.656 1555.218 1621.218 1980.375 
7.656 58.750 98.406 145.031 220.000 248.281 327.718 482.968 487.000 659.093 1015.468 1181.750 1289.718 1426.906 1492.718 1573.906 1980.187 3597.875 3728.250 3929.906 
17.968 36.937 82.062 97.187 121.031 216.531 325.531 379.218 482.437 657.000 869.375 1005.000 1203.968 1290.125 1492.187 1981.593 
38.125 96.437 143.375 214.687 322.718 481.218 949.875 1005.437 1181.562 1234.468 1290.250 1427.312 1491.968 1541.718 1704.281 
19.062 37.781 59.812 95.687 142.468 146.781 169.250 217.250 657.031 1022.187 1182.500 1290.437 1426.531 1492.156 1514.687 1541.531 1568.875 1625.750 1981.843 2503.968 
18.281 61.468 95.250 98.656 145.437 168.843 214.000 325.093 482.218 659.062 853.062 1056.875 1182.156 1234.937 1290.062 1493.375 1620.468 1981.437 
19.468 37.875 95.125 98.531 144.281 215.000 216.406 248.406 324.562 378.718 484.718 551.687 659.531 949.875 1006.562 1128.562 1235.531 1492.156 1542.843 
19.093 37.781 58.625 96.593 119.031 143.718 219.718 482.875 659.531 1005.687 1129.093 1182.093 1290.125 1492.187 1543.625 1981.343 
19.000 38.000 95.125 142.812 220.250 326.656 380.656 481.406 551.718 657.843 870.343 1129.156 1234.843 1290.468 1493.468 1541.968 1905.750 1979.656 
