11.656 228.156 265.500 671.625 792.343 947.531 1136.156 1172.843 1222.000 1319.781 1438.906 1555.843 1852.031 1936.750 
11.812 266.062 951.562 1135.781 1172.375 1225.937 1699.343 1767.812 1852.062 1936.937 
11.125 13.031 126.593 264.375 493.437 791.968 1221.375 1348.656 1555.937 1852.843 3812.718 
11.281 205.593 265.468 493.562 946.812 1221.468 1320.093 1699.687 1768.656 1852.125 1936.437 
11.843 49.062 140.781 205.312 1137.000 1221.750 1252.437 1322.843 1557.343 1852.781 3346.687 3689.781 
13.312 228.562 265.625 493.437 947.468 1221.531 1852.843 
11.937 17.750 1222.500 1557.125 1852.312 1936.625 
227.031 265.843 792.625 1052.187 1221.656 
10.781 11.406 228.937 1221.406 1562.625 1699.843 1852.406 1938.500 3805.437 
11.937 171.406 228.906 792.687 947.656 1183.812 1221.625 1321.625 1556.156 1702.531 1852.281 
