9.437 11.906 63.781 187.500 278.062 400.781 448.531 777.875 875.531 994.187 1249.000 1444.375 1673.531 1733.437 1770.812 1845.312 1890.250 1928.906 
9.781 114.500 278.250 285.468 363.906 397.937 496.406 702.718 778.375 783.687 1059.031 1294.937 1542.125 1709.062 1843.750 1929.687 
9.562 62.812 65.281 189.687 278.093 345.593 400.562 487.531 660.750 778.843 1277.562 1369.468 1708.125 1796.281 1845.968 1935.187 
9.500 11.593 63.562 68.000 121.812 190.968 232.593 277.687 284.031 362.750 390.312 448.531 487.906 571.281 777.093 1249.000 1444.375 1709.406 1846.343 1931.812 1936.531 
9.687 64.343 121.343 277.781 400.375 783.375 1250.375 1673.718 1845.281 1924.812 
10.406 25.218 59.812 64.562 68.000 92.843 122.062 155.843 187.406 232.781 278.000 282.468 363.375 398.312 401.468 419.218 487.625 645.750 689.656 777.656 823.656 942.218 1249.312 1255.343 1277.593 1368.750 1444.562 1534.156 1544.125 1661.781 1677.718 1707.812 1771.406 1843.531 1933.906 
10.125 62.093 64.281 188.562 231.406 280.500 659.312 777.031 818.437 1674.531 1710.093 1935.000 
9.906 58.843 64.687 232.343 278.375 658.250 783.281 1249.187 1710.531 1847.125 1852.062 1935.906 
9.875 11.656 191.593 279.468 398.156 1249.187 1369.437 1927.843 
10.031 57.843 192.968 279.156 778.250 876.031 1276.875 1369.843 1710.125 
