9.375 23.656 129.156 265.375 324.750 338.531 433.375 493.375 570.843 870.281 930.218 1179.312 1337.843 1375.562 1395.156 1474.062 1577.093 1626.937 1729.437 1925.812 1938.531 
9.343 10.875 126.500 263.156 296.593 324.812 572.562 632.343 868.062 930.437 1063.812 1180.312 1337.656 1375.593 1394.500 1497.593 1577.281 1808.156 1935.843 
9.656 11.875 125.281 267.125 337.812 494.343 572.093 627.000 871.843 1182.218 1320.656 1337.031 1395.562 1575.375 1578.375 1591.062 1698.312 1931.531 
9.562 10.906 120.593 152.281 296.562 337.812 416.031 494.062 570.156 572.968 632.906 848.093 868.718 930.750 983.156 1062.937 1182.406 1321.125 1380.187 1393.593 1472.093 1555.843 1578.343 1625.500 1700.000 1730.843 1812.500 1913.125 1931.281 1945.281 2780.218 3102.718 
9.468 16.718 125.218 144.718 221.218 265.531 327.343 407.968 420.468 493.593 571.187 870.156 1064.312 1103.062 1180.562 1336.937 1376.375 1474.531 1576.468 1613.156 1630.000 1698.000 1721.656 1731.687 1925.531 1937.312 
9.875 13.187 126.468 338.843 493.656 570.875 730.312 808.500 870.531 1063.812 1322.187 1394.687 1577.250 1730.875 1939.437 
9.406 10.875 124.718 145.687 315.218 325.875 494.125 571.468 626.875 871.500 967.062 1179.500 1321.031 1380.593 1394.468 1473.781 1578.906 1613.531 1628.468 1693.968 1729.000 1913.343 1926.500 1937.718 1946.250 2761.250 2926.031 3086.625 3120.031 
9.218 10.968 11.906 12.625 145.343 265.000 338.875 572.781 931.625 1181.187 1321.687 1380.625 1474.687 1576.531 1699.500 1939.062 
9.656 12.687 24.250 126.937 163.375 269.125 327.468 415.750 497.343 867.812 930.906 1180.687 1321.250 1393.906 1475.406 1577.593 1727.968 
9.781 12.343 338.781 494.156 573.156 628.187 872.375 1182.406 1320.750 1376.468 1578.718 
