17.343 67.812 75.406 119.718 236.125 419.218 507.468 783.406 869.406 970.656 1061.437 1145.906 1364.406 1590.562 1711.187 1722.843 1823.531 1901.875 1913.531 1941.718 
18.000 507.437 607.968 784.218 1060.781 1363.812 1823.156 1939.843 3690.812 
22.000 236.250 289.656 508.093 606.906 1060.218 1590.250 1912.718 3141.312 
17.343 75.062 110.312 232.781 507.343 783.531 1904.343 
17.125 19.093 122.843 139.343 324.156 1061.750 1591.281 1702.968 1719.625 1822.906 1941.375 
17.156 19.062 65.156 119.187 233.968 238.125 507.093 846.125 1590.250 1719.031 1904.812 1941.562 
18.500 68.125 108.906 118.093 237.718 325.125 1722.031 1823.000 
17.531 108.968 870.375 1061.843 1514.843 1722.718 1823.250 1911.625 
16.718 18.750 233.687 238.437 289.343 507.468 783.406 1062.093 1146.375 1279.968 1514.687 1703.406 
233.312 1590.687 
