13.906 153.218 276.937 331.750 393.281 660.875 865.250 1248.031 1328.375 1435.125 1559.406 1634.687 1754.656 1776.000 1779.625 1898.593 
551.625 1159.687 1329.625 1435.687 1559.156 1713.718 1754.437 1778.750 1898.812 
13.312 15.062 155.687 1247.875 1713.937 1753.062 
13.156 14.625 109.125 155.437 659.843 1025.875 1437.750 1713.906 
15.656 155.218 276.125 1225.593 1248.625 1436.843 
13.812 15.687 156.062 277.375 307.937 643.406 1025.625 1248.062 1329.343 1716.406 1778.812 1899.593 
13.562 109.906 156.562 276.312 865.218 943.031 1249.718 1437.312 1633.031 
330.656 725.781 1330.281 1777.531 1899.750 
13.437 14.437 275.750 660.750 1025.625 1247.250 1325.031 1436.468 1713.937 1776.343 
13.750 15.437 164.250 659.156 981.718 1027.156 1226.093 1329.218 1436.968 1635.000 1713.968 1753.625 1898.968 
