48.687 163.812 277.312 357.968 446.843 601.468 603.406 618.187 784.343 850.218 1141.812 1203.687 
92.250 93.125 166.187 517.968 603.031 656.218 694.468 786.718 1142.468 1196.718 
70.531 596.093 603.281 608.187 1007.781 
54.750 165.187 317.312 532.031 604.750 637.843 1000.187 1014.093 
80.531 199.781 225.781 320.062 425.968 445.281 1010.125 1149.593 1194.093 1250.250 1251.718 
39.750 366.250 387.250 479.937 630.593 855.375 1031.843 
33.312 36.343 71.375 370.406 1194.656 
78.718 81.187 710.562 730.031 732.281 753.468 772.156 1163.187 1250.562 
33.750 84.312 229.093 461.812 781.156 1121.812 
49.781 51.781 72.187 366.031 596.156 1185.062 1242.937 
