76.125 149.000 262.625 342.125 360.312 530.531 613.906 815.562 866.968 1269.343 1723.312 1763.906 1878.875 1898.812 2252.593 2491.468 
49.625 160.000 213.093 320.906 337.125 368.593 933.687 1405.468 1877.062 2193.718 2313.312 2550.843 
116.406 118.562 128.500 174.843 209.281 209.843 216.093 361.281 369.656 374.937 410.656 436.750 1267.781 1715.656 1837.593 2196.781 2360.125 
107.781 247.281 341.250 656.625 687.718 739.968 1957.187 1957.562 2310.906 2485.531 2488.625 
60.718 73.687 149.843 163.093 262.218 264.625 345.875 526.468 733.437 1703.843 1708.031 1957.062 2218.218 2313.187 2434.125 2540.125 
87.687 211.281 289.000 934.000 1716.343 1763.343 2320.812 2409.187 
82.500 83.156 131.500 249.812 1201.812 1267.250 1469.562 1470.343 2532.031 
91.218 180.937 209.406 228.125 478.937 738.718 942.468 1538.531 1736.281 1763.375 1773.031 1951.968 2175.875 2201.750 2267.156 
75.437 86.875 109.062 148.843 209.187 413.312 446.125 621.031 1891.687 1950.718 2015.281 2016.656 2441.625 
85.406 144.593 398.781 502.531 545.750 1606.718 1627.375 1706.562 1775.000 
