77.812 219.781 242.656 367.781 580.156 959.687 1187.031 1240.031 1759.468 1840.500 
42.843 246.281 248.468 285.937 292.625 659.437 947.750 1178.218 1187.593 1733.218 
98.843 275.593 391.562 871.562 883.875 1036.125 1038.250 1283.031 
12.562 868.687 876.875 1455.750 1732.875 1876.250 
203.062 881.093 
-1285.000 203.281 231.968 259.718 351.812 379.718 415.218 508.531 715.781 1373.750 1772.562 1841.500 
359.312 499.281 884.218 1220.375 1603.000 
83.781 334.906 416.437 1520.250 1593.000 1601.250 
97.906 243.343 1454.687 1742.593 1839.281 
91.625 216.187 240.687 260.875 416.843 661.000 953.406 1054.812 1733.656 1866.875 
