108.687 132.468 336.437 494.000 523.812 667.750 669.093 678.218 782.437 799.468 983.625 1021.375 1134.093 1321.500 
80.687 81.187 165.031 252.281 480.125 539.218 907.812 1240.937 1458.281 
54.468 94.687 144.031 159.062 202.781 337.437 363.468 494.968 506.687 520.562 524.500 624.187 644.468 756.906 887.281 1273.656 1288.562 1324.312 1421.187 1440.906 
52.531 104.843 159.375 234.062 265.031 347.781 475.593 509.312 737.156 892.843 1299.062 1324.250 
105.125 436.375 475.781 521.031 524.343 677.468 757.781 796.750 861.500 898.343 1308.031 1316.250 1333.218 1421.937 1469.125 
80.843 144.625 251.750 337.218 498.156 499.062 730.468 782.625 867.312 978.781 1048.312 
132.500 138.500 202.218 212.656 239.843 251.687 524.093 668.843 676.218 684.250 785.250 843.812 997.625 1065.000 1286.312 1315.625 
33.375 132.562 252.062 302.375 337.250 523.875 595.500 786.562 1225.718 1445.156 
88.156 94.437 138.812 144.812 165.656 191.250 304.656 305.531 337.281 355.343 486.875 532.468 752.718 1139.375 1327.312 
80.093 145.531 202.250 291.375 302.500 520.968 708.031 799.718 847.125 1006.312 1010.406 1062.718 
