41.593 43.031 78.843 157.343 578.250 1230.031 1445.250 1598.593 1742.218 
30.312 138.406 228.218 329.281 336.093 343.593 542.718 1598.718 1906.843 1913.812 1937.531 
31.250 53.656 181.906 227.562 351.968 2141.625 2175.062 2212.625 
16.218 41.375 137.531 219.562 271.843 499.437 1283.968 1750.187 2348.062 2477.843 2478.531 
31.781 217.781 273.406 490.312 503.250 1943.812 2030.343 2088.031 2281.750 
14.625 331.781 332.906 378.843 1246.656 1749.250 1950.593 2142.531 2206.000 
207.812 272.843 354.500 1032.093 1569.125 1614.812 1888.093 2037.375 
14.875 351.906 1828.406 2212.843 2213.937 
208.093 1740.062 1750.843 
164.625 165.468 517.531 1599.562 1950.468 2357.218 2743.375 
