70.250 84.687 113.593 300.031 311.781 377.593 377.843 380.968 387.750 1100.218 1160.781 
64.750 65.468 73.593 79.906 307.593 485.000 921.312 
72.718 74.468 76.718 87.625 178.406 498.718 508.281 739.250 
58.750 103.281 142.718 309.468 621.906 1048.656 1053.218 
75.687 76.062 207.156 221.000 223.750 687.406 944.281 1058.812 1071.218 
80.500 86.000 98.156 111.625 133.937 326.843 377.781 466.375 501.250 619.093 1101.406 1163.031 
92.781 96.968 217.218 298.468 619.125 1162.312 1172.781 1179.500 
41.906 50.187 76.500 79.531 96.125 218.406 387.562 945.750 1152.000 1159.000 
90.781 150.906 375.937 477.125 962.343 1057.687 1114.406 1161.531 1181.093 
387.656 526.687 1055.468 1158.687 
