73.062 95.406 249.031 313.375 510.593 790.656 793.468 817.156 992.562 1067.750 1140.687 1165.812 1199.593 1215.000 1307.968 1427.343 1821.375 1824.000 1847.125 2172.031 2272.156 2291.875 2360.343 2372.125 2374.906 2429.906 
49.468 69.468 114.812 122.812 123.531 241.375 392.437 414.156 560.781 766.593 898.531 1148.656 1150.937 1158.812 1269.156 1408.625 1567.468 1581.500 1589.687 1640.656 1981.437 2003.875 2013.593 2185.312 2235.500 2386.281 2390.750 2424.343 
289.000 332.937 395.125 546.750 742.750 818.968 1050.625 1148.968 1170.375 1436.062 1446.968 1451.093 1634.125 1644.906 1835.406 1852.000 1856.312 1859.406 1983.187 1992.531 1994.593 2282.968 2361.406 2414.312 
188.343 213.750 407.031 479.656 517.125 832.750 935.531 941.812 947.187 977.906 1201.343 1219.812 1427.312 1589.250 2012.375 2128.875 2168.843 2171.593 2282.625 
124.187 223.812 241.656 249.687 365.812 401.125 405.031 503.187 819.468 892.531 1068.718 1133.968 1148.656 1446.500 1791.500 1825.406 1975.468 2016.156 2236.156 2363.000 
49.531 113.656 194.906 409.875 426.031 1046.375 1162.250 1184.281 1198.312 1452.312 1836.968 1839.375 1846.593 1996.187 2028.500 2189.375 2234.218 2279.875 2404.687 
506.500 561.500 754.625 785.281 951.062 963.468 986.687 1250.500 1300.687 1410.250 1812.312 1814.968 1835.156 1943.906 2475.906 
39.187 61.156 74.500 345.187 402.000 517.906 518.406 980.156 1000.187 1152.687 1195.343 1304.531 1439.031 1599.343 1808.437 1945.250 1978.375 2210.593 2262.281 
178.125 217.531 246.562 256.906 386.562 732.125 778.468 809.437 951.375 1163.812 1299.625 1499.500 1634.093 1859.343 2115.250 2384.875 2593.531 
35.437 221.968 253.312 401.937 1065.906 1133.375 1145.156 1180.250 1452.218 1637.000 1885.375 1984.281 2143.593 2215.125 2330.531 2426.343 
