40.062 734.593 792.781 1425.312 1893.031 
40.187 60.093 91.937 342.250 344.031 503.125 641.187 872.781 1895.406 
40.375 57.468 60.531 82.343 87.125 98.406 109.812 177.875 703.250 735.781 757.562 1015.562 1034.406 
109.562 172.343 291.781 751.750 
63.843 150.312 1036.593 1174.937 
155.750 253.500 352.593 738.718 1031.250 
52.218 121.718 137.968 721.781 735.343 746.062 1700.781 
42.125 122.875 132.875 174.531 343.718 970.812 1490.656 
86.343 91.531 94.156 143.125 674.562 710.343 711.187 1007.437 1169.187 
66.375 151.656 336.375 1561.968 1909.093 
