38.843 40.062 86.437 130.375 133.656 249.531 251.000 277.875 279.125 283.437 297.937 310.593 322.375 351.750 353.000 365.468 398.656 431.468 478.218 501.375 518.875 520.093 523.562 573.937 644.875 647.093 815.593 1135.218 1136.468 1156.812 1158.625 1186.031 1284.906 1287.062 1288.937 1318.812 1330.750 1337.906 1339.750 1358.437 1360.062 1386.031 1388.093 1389.906 1424.781 1515.406 1520.125 1548.093 1554.968 1559.093 1561.156 1693.343 1764.406 1866.843 2097.312 2283.562 2614.625 3079.437 3748.062 
36.250 37.437 38.968 85.000 125.000 126.281 127.875 244.312 247.187 249.218 277.843 279.218 297.687 304.343 311.218 319.218 351.593 363.718 400.656 427.500 429.281 477.406 478.781 500.875 502.062 504.281 519.718 575.093 587.343 640.343 641.656 647.750 814.937 1132.500 1133.843 1138.937 1159.468 1200.968 1204.375 1283.156 1284.718 1289.093 1318.781 1338.500 1355.312 1357.062 1385.968 1390.156 1401.718 1425.156 1468.031 1517.687 1519.031 1539.718 1554.312 1560.156 1612.906 1615.218 1689.125 1690.218 1692.718 1867.031 2504.437 2556.625 3102.593 
35.906 37.500 39.750 76.750 92.562 125.687 127.312 129.062 131.968 165.062 174.562 244.656 246.750 277.812 279.125 283.062 310.781 319.718 351.875 365.031 400.375 428.218 430.375 477.031 478.437 481.406 501.500 503.093 518.375 572.281 587.125 640.562 641.937 644.125 816.125 1131.500 1132.718 1159.781 1201.781 1203.937 1283.093 1284.218 1288.000 1319.062 1329.656 1337.718 1339.281 1355.250 1357.781 1385.750 1422.937 1426.968 1467.375 1518.218 1519.562 1540.843 1543.500 1560.781 1615.500 1688.750 1690.093 1694.125 1870.906 3079.500 3293.062 
15.406 36.031 37.531 38.906 125.718 126.750 129.656 131.687 173.031 244.531 246.968 248.781 277.125 278.718 282.468 296.843 309.187 319.531 352.000 363.062 402.718 430.031 477.187 478.468 500.031 504.031 514.156 520.843 574.312 640.656 642.031 645.843 816.781 1132.500 1133.875 1159.531 1201.937 1282.843 1284.000 1287.187 1318.500 1319.843 1337.343 1339.718 1355.843 1357.812 1360.218 1400.562 1426.062 1468.156 1517.781 1519.218 1540.812 1544.718 1560.156 1614.281 1688.468 1689.750 1692.156 1867.406 
36.312 37.687 38.875 91.312 125.906 126.968 129.406 244.031 245.343 249.812 278.156 279.468 283.250 312.031 320.937 350.812 363.468 400.562 432.125 477.406 478.687 501.656 513.843 520.781 590.125 640.718 641.937 643.875 719.156 767.375 816.375 1131.593 1132.937 1134.562 1159.531 1201.625 1283.125 1284.531 1319.218 1330.312 1338.031 1339.625 1355.468 1360.156 1386.812 1389.281 1400.625 1405.343 1466.968 1503.281 1517.906 1519.093 1540.593 1542.187 1557.593 1613.250 1628.156 1688.937 1689.968 1692.562 1867.718 2000.968 2003.687 3148.781 
36.406 38.687 40.093 68.500 78.875 90.343 125.687 126.906 128.156 129.781 173.406 244.375 245.593 250.531 277.468 280.281 305.281 312.718 320.468 351.906 363.625 400.750 428.468 477.125 478.937 480.750 500.875 502.687 514.906 521.750 572.375 588.375 640.625 641.875 643.437 816.937 1132.218 1133.375 1159.812 1202.531 1282.312 1284.312 1286.500 1318.875 1320.406 1339.031 1355.500 1357.562 1384.718 1386.375 1405.593 1423.500 1426.062 1467.687 1517.531 1519.000 1540.406 1541.843 1560.031 1612.593 1628.843 1689.406 1690.562 1694.031 1762.875 1866.562 2269.593 2552.687 3313.343 
36.156 37.531 39.156 92.156 125.343 126.375 128.125 130.968 173.593 244.375 246.375 248.843 278.312 279.906 295.656 310.437 319.781 352.093 365.406 430.343 476.906 478.531 500.843 502.781 516.250 573.125 640.625 641.875 643.687 815.687 1132.593 1133.875 1159.218 1282.750 1284.062 1287.062 1318.593 1337.750 1340.500 1356.000 1384.593 1385.968 1404.531 1468.656 1517.906 1519.531 1540.531 1555.562 1613.718 1688.968 1690.093 1691.843 1693.843 1868.500 1876.000 2619.093 
36.375 38.093 40.093 80.062 90.906 125.406 126.687 128.312 130.125 244.812 247.031 278.343 279.625 282.156 310.343 319.687 353.437 365.500 401.375 428.031 477.250 478.625 500.906 502.562 514.312 572.937 640.625 642.406 644.406 815.218 1132.562 1134.000 1159.687 1283.156 1284.593 1287.812 1318.156 1339.812 1352.687 1356.406 1360.187 1385.781 1426.125 1517.718 1518.968 1539.968 1557.218 1628.093 1689.187 1690.562 1692.156 1769.843 1778.562 1869.125 2329.281 2909.812 3226.812 3664.062 
36.187 37.906 39.250 93.281 125.687 127.093 129.062 130.656 244.031 245.218 247.218 278.343 280.187 309.656 319.812 324.437 351.937 365.125 401.062 429.937 477.468 478.781 500.812 502.656 514.781 572.187 586.687 640.562 641.718 643.437 1131.968 1133.562 1135.031 1159.312 1201.843 1282.625 1283.937 1287.625 1317.437 1318.843 1340.062 1353.625 1356.843 1385.562 1388.000 1469.000 1517.750 1519.187 1521.937 1540.687 1542.812 1554.625 1559.937 1616.437 1628.125 1689.000 1690.187 1692.406 1694.156 1866.781 
36.437 37.718 39.031 81.500 91.468 125.718 127.062 128.468 131.125 165.125 244.375 247.406 277.812 279.093 309.750 319.875 351.875 364.187 400.750 427.687 477.250 478.687 501.218 503.062 517.250 572.218 640.031 641.468 643.968 757.906 816.187 1132.593 1134.031 1160.343 1283.125 1284.312 1286.937 1319.312 1339.062 1355.750 1357.312 1388.531 1467.843 1517.875 1519.406 1539.281 1541.000 1560.437 1562.468 1613.500 1630.406 1689.031 1690.312 1692.062 1693.968 1868.750 
