39.843 154.906 156.312 188.781 270.437 271.562 387.125 448.625 471.343 496.343 500.156 543.312 575.343 587.187 657.281 658.562 660.218 713.375 717.500 725.875 748.562 780.937 1096.687 1098.656 1101.718 1121.343 1195.218 1197.406 1235.781 1245.437 1301.125 1314.593 1360.281 1362.375 1416.281 1418.406 1455.937 1466.000 1479.562 2325.062 2909.843 3679.562 
34.875 38.343 40.218 69.156 152.625 153.906 155.906 191.593 268.593 270.187 278.031 385.437 389.062 418.281 431.312 445.500 472.093 492.593 494.656 496.187 560.562 587.656 609.781 654.750 656.218 660.437 711.031 715.281 861.156 981.312 1001.906 1074.250 1093.656 1095.093 1140.250 1189.718 1191.281 1194.937 1237.093 1290.062 1313.687 1356.968 1358.437 1361.406 1415.562 1479.156 2443.406 3901.625 
35.500 38.625 42.500 69.375 103.500 130.687 152.937 154.750 156.937 194.000 230.156 268.750 270.312 385.906 389.781 393.187 431.906 447.968 471.468 492.468 494.000 562.468 588.562 655.000 656.718 658.406 711.812 715.093 748.093 777.937 954.093 1001.375 1073.656 1093.625 1094.687 1100.375 1119.562 1123.718 1189.062 1192.156 1196.406 1250.781 1275.656 1286.468 1355.406 1357.312 1362.000 1416.031 1466.593 1478.375 1643.718 3097.843 
35.593 36.718 39.625 68.500 73.281 152.656 154.468 156.125 194.375 268.937 272.718 312.187 317.375 385.062 386.937 431.000 445.906 471.156 493.062 495.000 543.531 558.156 572.437 587.531 612.250 654.968 656.562 658.843 676.375 711.500 746.562 775.718 953.531 1001.562 1075.250 1078.812 1093.593 1094.812 1096.656 1138.500 1189.218 1191.812 1194.531 1239.187 1298.656 1312.281 1357.156 1361.375 1416.750 1477.562 1479.937 1670.500 2679.125 2974.531 3402.062 
35.218 37.906 70.437 127.468 152.218 154.187 155.718 269.031 383.750 386.968 389.781 432.562 471.718 492.781 496.531 542.250 587.531 597.375 655.343 657.343 661.156 712.343 746.812 911.312 957.062 996.062 1075.531 1082.000 1093.843 1095.093 1099.875 1190.000 1191.437 1195.406 1274.500 1299.031 1357.000 1360.250 1415.781 1479.812 2574.406 
35.875 39.375 68.468 153.312 155.312 157.437 198.843 268.562 269.781 385.343 387.656 431.968 433.937 471.343 493.781 497.875 572.218 577.343 587.468 597.531 616.968 654.625 656.125 659.625 712.281 746.937 777.968 954.531 1000.125 1074.562 1076.937 1093.687 1095.218 1137.187 1189.531 1195.093 1196.968 1287.062 1318.125 1356.656 1360.187 1415.781 1446.281 1479.812 2484.375 
35.593 39.031 70.437 153.031 154.343 158.250 196.500 228.593 269.687 272.687 384.218 431.843 434.031 448.500 472.031 493.156 495.250 498.343 558.875 572.437 588.562 618.375 655.187 657.031 712.406 746.031 786.031 953.250 999.968 1074.187 1076.625 1093.781 1095.000 1190.031 1194.093 1197.687 1313.281 1356.562 1360.937 1414.968 1478.437 2883.593 
14.000 28.656 36.000 37.062 40.281 72.468 122.000 153.093 154.375 157.937 269.312 384.531 386.781 392.937 431.906 471.312 493.031 495.500 562.156 614.312 656.656 660.656 713.000 748.406 794.218 953.781 1001.375 1075.375 1093.812 1094.937 1190.000 1195.406 1287.531 1323.843 1356.625 1358.375 1363.656 1416.468 1429.125 1479.375 1486.656 1617.468 2243.781 
35.687 39.312 72.625 152.281 154.406 155.875 187.875 202.093 269.625 271.062 354.875 385.250 387.187 389.562 431.281 471.312 491.687 494.250 564.875 572.281 655.500 657.468 659.968 712.468 748.218 955.031 1001.062 1072.937 1078.531 1093.593 1189.593 1191.156 1196.843 1236.375 1260.156 1287.375 1301.718 1356.812 1359.406 1415.437 1478.437 1497.156 
35.531 37.812 70.312 153.562 155.593 158.375 229.625 247.968 262.031 268.781 270.187 271.562 385.531 387.593 392.656 431.656 472.500 493.593 496.218 561.312 572.687 587.656 598.125 655.218 657.375 660.125 709.875 749.281 785.375 955.406 999.656 1073.312 1075.000 1093.937 1121.031 1189.875 1191.250 1195.656 1313.656 1356.750 1360.156 1415.375 1479.281 1483.062 1667.250 1984.875 
