44.593 182.406 304.781 306.093 423.218 426.812 516.500 517.687 520.812 545.500 563.687 603.656 631.343 632.468 635.343 648.187 653.875 689.000 741.593 743.031 745.656 786.625 810.687 860.562 900.250 958.187 1031.406 1054.468 1080.093 1081.500 1142.031 1167.906 1169.187 1172.750 1193.968 1283.218 1284.593 1287.187 1294.250 1296.218 1410.156 2008.375 2102.062 2634.281 3650.781 
23.750 26.937 33.781 36.593 94.093 181.812 232.250 297.906 299.343 305.781 354.031 419.843 420.937 454.937 510.312 516.562 518.593 544.437 558.187 581.281 599.562 601.031 629.343 633.218 652.656 697.218 740.750 742.062 744.156 810.156 855.781 857.156 901.000 910.656 948.125 1048.625 1051.781 1081.031 1121.093 1137.187 1139.000 1166.156 1168.562 1194.593 1281.656 1282.812 1288.843 1406.250 1407.500 1458.937 1541.843 1779.375 2178.750 
19.468 26.656 30.281 46.281 94.156 172.406 182.656 233.750 298.125 303.968 306.093 355.718 419.375 420.718 422.968 457.000 510.250 512.718 545.781 566.750 598.625 601.062 629.656 630.812 634.500 654.593 690.468 740.406 741.812 745.968 809.781 856.968 858.187 895.156 947.593 1007.187 1050.468 1080.687 1116.343 1137.593 1140.000 1166.218 1167.500 1233.531 1281.156 1282.656 1285.656 1352.156 1405.750 1406.875 1460.687 2090.468 2371.687 3197.718 3324.812 3325.843 3327.968 3332.062 
20.781 27.281 35.937 44.062 91.593 173.250 182.687 231.812 298.250 303.812 355.250 419.500 420.812 465.937 513.718 517.593 546.187 557.312 583.406 599.625 629.125 630.593 633.062 635.218 653.312 740.187 742.031 744.343 809.718 856.750 858.125 860.156 900.843 948.406 1050.281 1053.687 1082.093 1096.968 1137.562 1140.218 1166.562 1172.937 1281.812 1283.250 1286.750 1346.625 1354.468 1405.937 1407.125 
21.468 28.937 35.187 44.218 172.812 181.781 298.000 419.875 421.312 462.468 516.375 518.468 535.250 545.250 557.625 582.125 599.156 601.093 629.281 630.500 635.187 653.437 740.593 741.781 744.406 809.750 857.156 859.375 901.875 908.656 948.218 1049.843 1054.125 1080.968 1096.000 1138.718 1166.250 1168.250 1232.687 1281.375 1282.781 1284.781 1352.062 1406.437 1464.031 2455.281 3166.031 3320.062 3404.843 
26.625 42.906 95.781 175.406 182.000 232.343 297.625 298.906 302.281 355.687 360.562 420.312 421.593 459.406 513.406 515.656 517.031 545.125 560.593 582.218 599.343 600.875 614.937 629.906 633.343 652.906 694.593 740.562 742.093 744.500 749.000 809.875 856.562 858.281 899.875 946.750 1003.625 1051.843 1080.875 1083.000 1136.812 1139.125 1166.468 1172.250 1281.906 1283.406 1286.781 1356.250 1397.125 1405.875 1407.718 2518.500 3359.468 3715.875 
20.937 26.593 28.187 36.375 43.906 92.500 172.343 181.968 232.750 297.062 301.281 306.937 402.656 419.218 420.781 467.187 511.031 515.468 581.468 599.875 601.593 615.687 629.718 630.812 632.906 634.343 652.250 653.531 697.187 740.625 741.968 744.937 785.093 857.093 858.531 860.093 902.593 948.093 1049.812 1051.875 1080.750 1137.187 1141.062 1166.468 1167.937 1234.531 1265.062 1282.375 1284.218 1325.343 1349.812 1406.062 1407.875 1410.031 
22.406 26.531 35.500 45.218 93.968 171.125 183.156 295.687 298.218 306.375 419.781 421.312 465.000 512.531 517.156 545.906 558.281 580.281 599.718 601.531 629.343 630.625 633.093 653.375 694.531 740.156 741.562 744.312 785.281 856.875 858.218 908.625 948.593 955.218 1030.281 1049.843 1054.968 1080.843 1082.406 1136.812 1138.250 1166.843 1168.187 1281.968 1283.062 1325.187 1351.281 1406.156 1407.531 1459.437 1543.343 1886.187 2236.843 2558.281 
21.656 27.531 44.875 173.687 181.562 297.812 301.218 306.312 353.843 419.843 421.187 510.781 516.125 545.125 581.281 599.656 601.343 629.375 630.781 632.968 697.000 740.687 741.781 749.531 856.250 857.718 899.656 909.937 947.718 949.875 1008.750 1050.250 1052.000 1081.343 1136.812 1138.781 1166.281 1167.906 1235.156 1281.812 1283.000 1286.468 1406.062 1407.406 1462.343 3289.125 
21.375 25.406 33.062 43.625 45.406 93.625 143.562 172.562 181.531 297.500 299.125 305.062 353.937 419.812 421.125 465.906 510.875 513.468 516.781 519.156 545.625 558.281 600.500 629.375 630.718 632.625 634.187 652.875 697.062 719.406 740.687 742.312 809.656 857.187 861.437 896.375 903.156 947.937 949.468 1050.968 1080.437 1082.250 1119.125 1139.406 1166.562 1167.781 1193.468 1231.937 1281.875 1283.093 1286.625 1352.531 1406.593 1407.843 1457.187 1509.843 
