25.468 26.656 29.687 38.250 70.593 186.187 219.968 256.687 258.468 275.250 286.687 288.093 308.906 394.843 435.187 502.750 507.375 546.500 549.906 560.343 588.687 644.843 646.093 648.593 668.281 669.843 700.625 716.750 756.062 757.437 759.437 771.031 772.593 831.281 832.468 834.500 884.968 911.125 914.656 978.468 1021.656 1063.156 1066.468 1148.000 1150.812 1173.125 1214.125 1217.250 1298.968 1392.937 1394.218 1398.187 1449.406 1454.406 1490.625 1502.718 1506.125 1565.812 1651.093 1653.656 1658.437 1691.125 1737.750 1742.718 1773.875 1805.187 1806.843 1874.468 1877.843 2598.531 2918.906 
25.375 26.656 28.562 38.968 41.781 49.281 68.625 185.156 188.250 220.156 257.218 274.875 275.937 286.687 288.250 395.562 435.593 505.812 546.781 644.406 645.750 649.500 668.343 671.062 709.937 756.156 757.531 761.906 771.593 788.593 831.562 837.468 910.625 951.718 1023.343 1065.531 1066.937 1069.906 1147.875 1217.750 1238.187 1307.156 1384.968 1392.812 1394.500 1397.281 1503.250 1565.187 1566.625 1651.531 1658.093 1660.968 1737.125 1741.656 1772.156 1805.468 1807.750 1847.218 1874.531 2378.406 3909.031 
25.562 29.312 37.562 52.156 69.656 186.625 219.718 222.375 259.843 275.250 276.343 278.343 286.937 309.656 394.906 398.312 435.718 500.843 502.812 546.437 550.000 590.656 644.968 646.281 648.375 667.875 669.093 670.781 756.281 758.093 771.656 787.343 831.343 835.812 886.031 910.937 914.437 953.625 1020.843 1025.656 1066.093 1070.343 1148.500 1182.156 1215.375 1243.062 1284.156 1303.093 1393.218 1394.562 1397.031 1456.156 1504.187 1567.250 1650.812 1657.937 1660.593 1776.968 1804.937 1806.531 1872.906 1876.281 3302.500 
25.718 29.593 38.531 70.125 219.750 256.593 260.343 275.531 276.875 279.187 287.125 290.531 309.250 393.906 395.812 434.656 505.093 548.000 580.406 588.562 645.000 646.187 647.937 668.187 669.656 707.625 756.031 758.250 760.250 772.406 787.343 831.562 834.000 910.343 914.375 964.281 1024.625 1065.906 1067.062 1070.656 1148.312 1173.437 1217.093 1243.468 1392.968 1395.281 1448.000 1501.468 1503.000 1505.937 1566.468 1615.562 1653.031 1658.281 1661.656 1691.437 1738.875 1773.187 1807.500 1835.531 1874.937 1926.468 2253.250 
25.187 28.750 38.343 52.000 57.031 187.625 220.593 224.281 259.500 262.906 275.000 276.531 286.937 309.125 310.687 395.437 438.218 505.062 547.843 549.468 591.062 645.187 646.343 649.031 668.312 712.062 756.437 757.968 771.593 831.437 836.250 889.593 910.875 912.781 954.312 975.906 988.937 1023.468 1065.781 1068.812 1149.406 1172.875 1183.156 1217.843 1393.031 1394.875 1398.375 1449.812 1456.093 1494.500 1502.687 1506.250 1566.125 1613.562 1652.250 1658.093 1691.187 1737.718 1772.968 1805.468 1874.312 3114.718 3926.406 
25.468 28.562 38.531 220.718 260.093 276.000 286.531 309.250 316.656 395.062 397.687 435.656 505.156 547.125 549.968 589.656 644.687 646.593 648.281 668.031 669.218 709.625 756.937 758.250 771.718 788.687 831.312 832.468 888.875 911.156 915.343 952.968 1021.156 1066.218 1068.281 1071.437 1149.250 1155.593 1173.375 1184.062 1215.375 1392.781 1394.187 1397.781 1448.187 1450.593 1498.843 1504.625 1566.968 1651.562 1657.406 1659.625 1691.125 1738.531 1774.843 1805.343 1807.437 1850.750 1890.312 
25.656 29.343 38.750 70.312 188.500 220.250 257.187 262.750 274.906 286.718 309.500 315.437 394.968 407.218 436.250 482.968 504.062 508.000 546.531 548.000 561.593 590.093 644.906 646.156 647.750 658.468 668.218 669.375 674.000 699.625 756.531 757.906 771.125 787.531 830.906 832.125 834.125 884.406 910.937 954.250 1021.781 1064.625 1066.406 1067.687 1148.625 1175.000 1240.562 1296.968 1393.187 1394.531 1451.500 1494.906 1503.531 1566.468 1614.562 1651.593 1657.062 1659.593 1692.687 1736.187 1763.625 1772.593 1805.218 1807.375 1846.625 1876.281 1909.125 3040.031 3715.406 
25.656 28.968 38.718 70.250 187.250 220.218 255.843 275.687 287.562 309.093 395.250 504.093 507.031 547.812 591.156 645.031 646.406 649.718 668.218 669.562 711.593 756.281 758.562 770.625 771.687 831.531 832.750 835.375 911.531 955.562 964.593 977.156 1022.937 1065.906 1067.562 1071.250 1150.000 1175.062 1213.187 1236.750 1393.312 1394.593 1396.593 1448.187 1456.750 1492.312 1502.687 1504.656 1567.625 1651.281 1657.937 1660.000 1738.906 1772.406 1806.718 1835.156 1875.000 3654.718 
25.312 28.125 51.687 188.968 220.625 221.968 275.843 286.468 311.000 395.218 436.125 501.000 505.125 547.593 559.406 588.937 645.062 646.687 648.625 657.750 668.531 669.843 709.718 755.812 757.562 760.437 771.375 787.812 831.312 832.468 883.656 886.781 910.000 913.343 953.500 965.031 1021.843 1024.156 1065.843 1067.281 1070.531 1150.218 1171.562 1284.281 1303.781 1392.906 1394.125 1396.750 1502.937 1506.875 1568.062 1613.125 1651.968 1656.718 1659.125 1771.218 1805.156 1806.656 1874.906 2888.156 
25.656 29.125 37.875 68.812 184.187 186.843 218.812 221.312 256.500 275.093 276.687 286.968 316.031 395.468 410.000 431.125 436.000 505.750 550.281 560.843 584.843 590.000 644.843 646.343 650.250 668.093 669.312 756.375 757.750 760.593 771.343 773.000 787.187 831.781 832.968 883.406 910.500 952.812 978.125 1065.593 1066.875 1068.625 1116.031 1150.375 1171.500 1216.156 1241.500 1393.125 1394.468 1396.781 1456.218 1488.562 1503.312 1566.718 1568.937 1614.375 1650.906 1658.875 1738.625 1762.812 1773.562 1805.531 1807.375 
