84.843 321.187 345.343 451.843 455.093 507.562 510.281 526.031 594.343 604.687 606.906 685.187 688.500 768.718 818.656 820.093 838.031 869.500 886.093 1169.250 1172.718 1226.406 1228.156 1231.781 1279.562 1283.593 1326.687 1407.500 1449.562 1513.250 1539.593 1542.781 1608.187 1647.625 1658.500 1663.531 2482.156 2707.312 3755.625 
17.562 20.937 37.468 73.281 77.343 85.031 86.750 113.156 129.343 198.375 248.062 315.562 316.750 350.875 377.125 409.437 449.750 451.343 503.812 505.062 556.343 590.843 592.593 604.187 615.718 645.562 682.656 768.875 798.250 799.781 819.250 868.656 933.062 1032.218 1037.218 1110.062 1167.875 1169.312 1223.281 1224.406 1227.406 1283.937 1325.156 1367.875 1409.312 1518.156 1539.093 1646.500 2270.593 2304.468 3639.125 
17.031 21.093 71.906 79.125 128.625 197.343 198.593 246.312 315.062 318.437 345.750 377.125 449.468 450.718 452.500 474.312 504.468 505.750 532.500 556.875 590.531 593.000 603.500 606.468 617.000 645.312 647.062 682.625 684.187 714.718 799.000 818.906 820.906 839.562 885.875 945.625 1032.468 1033.937 1167.531 1168.750 1192.125 1223.312 1224.562 1227.968 1325.781 1368.093 1405.062 1407.125 1495.031 1517.531 1537.687 1553.031 1591.593 1604.843 1645.937 1676.500 1832.031 1959.718 2682.031 2978.906 3661.968 
17.718 78.156 197.406 200.187 315.562 356.656 376.625 449.687 451.062 474.000 504.187 505.406 527.062 590.031 591.250 603.687 607.343 645.281 649.093 681.968 683.406 716.343 768.750 799.312 819.625 932.187 1007.718 1032.406 1035.687 1071.250 1125.375 1167.281 1168.375 1172.343 1223.406 1224.687 1228.187 1283.500 1325.250 1327.812 1367.968 1371.437 1406.187 1500.437 1537.531 1556.468 1645.937 2888.562 3507.093 
17.093 22.093 76.843 197.593 316.062 345.031 352.031 377.218 410.593 449.500 453.281 475.093 503.343 504.500 564.281 591.218 603.343 645.687 683.937 773.906 798.343 799.875 819.125 868.687 885.468 1032.875 1125.406 1167.468 1168.468 1170.031 1222.843 1224.062 1226.625 1282.843 1324.687 1326.343 1367.812 1369.375 1405.562 1494.812 1518.625 1539.375 1565.250 1590.875 1647.343 
17.812 22.656 63.375 72.843 76.281 84.125 197.250 198.906 247.218 315.875 317.250 348.218 358.968 376.062 449.656 450.906 453.687 504.687 506.937 591.468 603.031 616.250 645.593 682.250 684.031 714.187 766.656 800.406 819.031 837.906 888.187 941.500 1032.000 1033.593 1036.281 1088.125 1108.906 1167.593 1168.875 1170.468 1196.812 1223.375 1224.562 1284.000 1324.750 1368.718 1405.812 1486.187 1488.812 1538.312 1541.312 1590.406 1644.843 1671.312 2770.312 3788.718 
17.125 19.875 75.093 77.968 85.875 197.375 209.125 246.625 315.843 345.156 350.156 376.750 450.281 451.781 474.187 503.656 504.781 526.312 591.593 602.875 604.312 646.656 682.718 713.687 766.687 798.218 800.000 819.968 887.656 930.781 949.031 1034.718 1127.843 1167.156 1168.500 1170.531 1197.062 1223.125 1224.843 1283.468 1324.250 1326.343 1368.562 1405.500 1474.843 1519.281 1537.500 1540.781 1646.156 1649.562 2293.437 
17.718 21.093 76.000 85.593 198.250 211.468 315.843 319.812 378.031 449.500 450.875 454.906 504.500 505.593 509.375 562.968 590.343 602.937 643.906 645.750 682.343 770.281 798.937 800.468 820.875 854.812 866.500 887.500 1033.031 1128.656 1167.500 1168.937 1223.875 1225.343 1285.437 1325.250 1368.625 1405.968 1489.062 1497.937 1517.687 1539.187 1557.312 1645.031 2268.437 2494.343 
17.531 22.156 76.781 82.343 127.062 197.125 222.156 316.156 317.593 353.875 355.656 378.437 449.468 450.781 454.250 475.625 503.968 505.031 564.687 590.281 592.437 604.312 644.937 682.937 687.843 716.250 766.812 775.250 799.437 819.500 885.750 888.718 1032.281 1037.062 1073.031 1167.812 1169.156 1171.062 1223.062 1224.218 1228.062 1284.718 1323.562 1325.187 1368.187 1405.406 1490.750 1519.531 1540.406 1646.812 
17.531 19.093 77.750 83.750 127.218 130.375 198.406 201.156 210.625 316.000 340.718 344.875 378.843 449.625 450.781 455.656 475.968 504.250 505.375 548.718 562.875 591.968 603.281 645.468 682.156 715.968 799.218 818.656 848.031 867.656 885.406 1032.906 1034.812 1075.625 1114.468 1167.875 1169.531 1171.468 1196.718 1223.000 1228.312 1288.843 1324.500 1368.718 1404.937 1407.937 1517.656 1540.125 1594.875 1649.843 3112.843 3373.187 3456.531 
