249.906 253.031 278.968 514.031 733.875 750.093 757.781 808.281 809.687 901.031 910.375 940.562 960.843 1013.125 1052.968 1054.468 1075.750 1141.812 1173.500 1178.000 1242.687 1259.218 1309.000 1383.156 1384.406 1387.187 1440.312 1469.406 1514.875 1548.781 1569.593 1624.593 1632.156 1633.687 1700.593 1713.531 1732.937 1735.375 2177.687 2329.656 3252.187 3736.500 
250.062 732.468 750.125 753.218 808.437 809.718 869.843 939.500 990.687 1053.000 1054.375 1086.687 1173.750 1271.750 1274.500 1308.687 1311.031 1383.156 1384.656 1386.093 1389.312 1440.500 1470.406 1515.687 1570.437 1632.375 1633.937 1721.187 1732.656 1733.906 1737.468 1952.187 2060.468 
18.406 39.343 54.031 120.562 188.531 247.125 248.218 249.875 510.656 512.000 514.718 728.500 729.843 731.531 735.281 749.906 756.312 772.500 805.968 807.062 810.093 866.718 872.593 892.125 893.593 937.687 1035.312 1053.750 1075.781 1138.343 1171.250 1181.906 1237.437 1239.000 1273.781 1304.937 1306.218 1308.000 1383.562 1384.812 1467.187 1514.843 1584.500 1632.218 1633.687 1657.312 1720.437 1733.250 1816.625 1829.968 1831.468 1857.812 1859.843 1862.125 1913.937 3423.406 
45.218 58.625 93.937 122.781 187.968 201.937 246.531 248.000 249.843 297.187 310.218 510.500 511.593 514.062 574.250 728.718 730.406 732.656 749.218 758.156 772.343 805.625 807.062 808.468 892.125 893.250 1012.343 1053.187 1054.718 1076.906 1138.968 1174.031 1237.281 1239.812 1274.593 1304.843 1305.906 1312.093 1356.093 1383.343 1385.031 1443.625 1467.750 1513.781 1632.218 1633.437 1657.093 1721.156 1733.593 1735.031 1748.281 1815.281 1831.031 1857.531 1858.906 3201.562 
21.875 146.406 187.656 217.593 240.187 247.750 250.000 252.812 308.781 510.593 514.312 557.593 574.750 728.500 729.843 734.843 756.406 773.250 805.812 806.906 808.468 863.437 867.187 892.218 893.687 1052.812 1054.468 1089.968 1237.812 1242.312 1259.875 1305.250 1310.031 1356.062 1383.375 1384.718 1388.000 1442.468 1467.656 1469.468 1513.531 1515.531 1632.093 1633.531 1733.593 1768.531 1817.500 1831.593 1857.281 1858.812 1925.062 2736.812 
23.593 160.312 186.625 247.187 248.406 251.562 511.031 512.406 728.968 730.718 733.062 748.750 772.500 805.750 807.156 808.750 866.687 892.343 893.937 998.218 1053.031 1054.562 1074.656 1076.281 1089.656 1139.593 1174.000 1237.468 1240.812 1259.375 1304.906 1306.687 1356.250 1383.500 1384.781 1467.281 1469.375 1513.281 1632.343 1633.687 1720.718 1733.781 1739.000 1817.406 1831.125 1858.687 1861.312 1913.750 3196.218 3900.281 3919.531 
21.000 27.187 36.656 119.781 187.906 246.843 248.562 249.968 510.937 513.000 516.343 535.125 553.406 728.718 730.187 733.062 748.843 756.718 772.125 775.468 805.875 806.968 810.812 867.468 892.437 898.500 1007.750 1052.625 1054.562 1074.875 1139.531 1237.031 1239.687 1271.468 1304.937 1306.250 1356.281 1383.437 1384.750 1388.843 1408.781 1467.656 1469.875 1515.250 1589.250 1631.843 1633.250 1657.250 1733.250 1735.031 1738.687 1766.656 1815.343 1822.156 1829.781 1857.875 1859.218 1907.750 2608.437 2720.968 3035.625 3180.968 3690.468 
18.062 19.281 95.093 186.968 189.000 247.468 248.718 251.843 298.531 391.093 510.093 512.093 534.750 728.406 729.625 731.312 748.968 805.718 807.031 808.812 892.437 893.968 991.937 1010.687 1052.437 1054.093 1075.437 1237.531 1239.125 1261.000 1304.375 1305.812 1307.937 1383.656 1384.781 1390.843 1442.218 1467.156 1515.156 1590.062 1631.812 1633.062 1654.937 1734.812 1823.156 1830.343 1857.218 1858.468 3304.250 
19.875 94.875 247.250 250.187 510.562 511.718 516.375 727.500 730.062 731.500 749.625 756.781 774.812 805.906 807.000 809.218 811.750 868.593 892.968 896.000 975.312 1052.531 1054.062 1075.281 1091.500 1177.156 1220.375 1237.062 1272.906 1304.781 1306.000 1307.843 1357.093 1383.312 1384.906 1390.437 1467.343 1468.781 1568.656 1590.187 1631.906 1633.375 1660.000 1702.781 1734.218 1832.031 1857.531 1858.687 1860.312 2243.750 3312.343 3823.375 3824.437 3830.875 
18.875 187.093 247.500 249.781 311.062 442.718 510.062 511.500 513.812 728.718 731.031 734.218 806.062 807.250 810.562 852.281 871.562 892.281 893.375 1009.406 1052.562 1054.000 1075.406 1141.468 1171.812 1236.687 1238.656 1240.281 1275.843 1304.656 1306.000 1309.437 1383.281 1384.656 1467.656 1469.656 1512.281 1514.312 1587.781 1632.093 1733.343 1734.937 1817.875 1829.968 1858.093 1859.656 1861.781 2096.250 3491.812 
