19.062 22.593 89.562 99.656 102.593 210.281 227.125 249.187 265.468 362.781 374.687 416.343 521.218 532.625 533.937 577.937 633.750 649.843 651.468 738.312 783.000 813.500 815.875 836.906 918.062 919.343 922.812 950.343 952.000 975.812 1001.187 1004.718 1061.187 1101.375 1102.937 1137.781 1153.312 1156.750 1211.000 1397.000 1398.312 1467.031 1485.218 1611.437 1614.843 1647.000 1648.406 1654.312 1772.375 1773.843 1777.187 1798.687 1799.812 1803.937 1822.468 1823.687 1872.125 1879.218 1881.312 1954.875 1956.312 1976.656 1979.218 2060.500 2062.125 2066.093 2095.375 2096.750 2110.375 2124.312 2245.468 2246.625 2303.312 
19.187 22.718 73.312 99.281 101.375 135.125 163.281 209.031 226.687 231.031 248.968 265.437 358.625 362.250 374.968 376.312 416.062 452.968 520.812 533.406 534.687 536.375 577.343 648.156 651.718 698.968 738.125 775.687 812.843 815.062 836.312 918.062 919.687 924.937 950.343 952.531 978.156 1002.718 1101.937 1103.375 1200.750 1244.000 1351.968 1397.156 1400.812 1488.343 1563.031 1611.812 1613.812 1647.281 1648.562 1752.125 1772.468 1774.187 1799.031 1800.156 1801.968 1822.562 1825.125 1843.843 1872.375 1879.812 1881.593 1955.406 1957.406 1978.812 2060.500 2061.968 2067.781 2095.968 2109.812 2245.718 2246.968 2248.843 2280.687 2996.500 
19.187 24.250 99.625 101.093 134.781 226.781 228.312 249.531 265.531 375.250 377.000 416.281 521.000 533.437 534.531 576.312 649.343 652.406 697.750 727.093 738.468 740.093 775.312 813.250 829.875 848.625 918.187 919.531 950.250 952.031 954.312 976.718 987.250 1004.093 1101.718 1109.031 1154.968 1243.843 1360.812 1397.312 1400.562 1472.500 1603.312 1612.156 1616.500 1646.718 1648.218 1650.156 1705.406 1751.937 1772.531 1773.968 1798.718 1799.906 1804.343 1822.375 1823.843 1828.750 1880.125 1881.687 1955.906 1961.500 1978.406 1980.968 2059.875 2061.781 2095.562 2110.031 2245.531 2247.000 2276.406 2360.687 3641.093 
19.187 99.500 101.093 135.875 226.750 229.531 250.062 265.843 363.156 376.343 379.187 415.062 521.218 532.906 534.062 535.750 576.968 647.000 649.250 674.562 702.156 736.593 739.500 781.625 814.281 816.125 837.031 850.250 918.468 919.875 950.750 952.250 954.343 978.718 1101.781 1104.812 1137.875 1156.437 1243.531 1288.906 1310.531 1318.656 1361.281 1398.218 1400.281 1469.562 1485.437 1517.843 1612.031 1647.281 1648.843 1651.375 1751.781 1773.062 1774.250 1798.968 1800.281 1804.562 1822.625 1824.312 1828.968 1869.687 1879.968 1882.437 1955.218 1957.468 1977.593 1980.375 2025.156 2060.593 2062.281 2065.968 2096.187 2246.937 2248.906 3005.562 3210.875 
19.968 23.531 74.968 88.562 99.218 101.125 136.000 227.250 228.593 250.218 266.718 374.687 377.250 415.093 521.156 533.468 535.000 537.187 577.875 649.781 653.718 700.000 738.562 740.437 772.875 813.625 815.031 918.625 919.843 950.625 952.781 978.687 1002.000 1101.750 1104.031 1155.156 1160.593 1245.000 1357.468 1397.250 1401.031 1469.968 1486.375 1510.125 1611.875 1614.156 1647.625 1648.937 1652.093 1761.718 1773.062 1798.812 1800.031 1803.843 1823.250 1825.406 1870.437 1879.750 1881.937 1956.000 1979.406 1982.000 2060.593 2062.093 2064.937 2068.562 2096.125 2124.125 2243.093 2246.062 2247.906 2300.906 2521.000 3746.187 
19.031 88.781 99.437 102.156 136.250 227.187 229.156 265.468 362.500 374.000 375.437 521.156 533.406 534.812 537.250 632.843 648.187 649.437 699.031 730.718 738.375 812.968 814.656 826.125 918.281 919.781 950.406 952.312 954.843 978.781 1003.531 1054.718 1101.562 1103.250 1138.125 1382.843 1396.875 1399.156 1466.406 1486.375 1611.468 1613.156 1647.437 1648.562 1653.062 1705.843 1772.406 1774.031 1798.687 1800.312 1802.500 1814.062 1822.656 1824.218 1870.843 1878.875 1881.031 1955.406 1957.250 1980.156 2060.156 2061.875 2069.906 2095.625 2130.281 2246.312 2247.906 2301.562 3287.031 
21.812 26.468 100.218 135.906 227.187 228.937 250.125 375.562 379.968 417.125 520.250 522.312 533.781 535.062 538.343 580.250 632.156 649.687 652.250 736.406 738.437 814.156 815.593 827.781 837.593 918.562 920.625 949.750 951.218 976.437 1047.843 1101.875 1104.531 1155.250 1233.437 1397.031 1487.093 1611.906 1614.406 1647.500 1649.000 1653.937 1765.468 1772.750 1774.031 1776.968 1799.093 1804.187 1816.687 1822.531 1874.531 1879.906 1882.093 1955.437 1957.187 1960.343 1979.531 2060.343 2062.687 2068.093 2095.968 2246.375 2248.781 2299.281 3228.531 
19.312 80.875 99.250 100.875 227.093 228.812 250.093 269.468 364.281 375.406 396.937 415.250 482.187 533.218 535.093 555.750 648.656 651.656 727.875 738.187 740.625 780.281 814.437 816.187 828.062 850.375 918.343 919.750 927.781 950.531 954.218 987.343 1002.718 1101.656 1103.093 1136.937 1155.562 1157.406 1237.250 1396.843 1398.218 1518.031 1611.937 1647.250 1648.656 1772.781 1777.125 1799.125 1800.406 1814.031 1822.718 1841.656 1879.187 1955.687 1957.031 1978.500 1980.812 2060.343 2062.312 2067.312 2095.843 2124.656 2246.250 2247.781 2360.281 3776.343 
20.375 25.406 72.718 84.406 99.625 136.000 197.218 215.187 227.187 268.375 363.781 374.937 393.937 416.218 521.687 533.312 577.062 633.593 648.750 698.500 737.906 775.031 813.656 815.125 836.187 913.000 918.656 949.093 950.875 1101.656 1156.000 1244.312 1358.906 1397.468 1400.968 1458.625 1611.812 1613.375 1647.062 1686.343 1762.000 1771.875 1773.343 1798.312 1805.156 1822.375 1880.843 1954.656 1980.375 2059.843 2061.718 2064.843 2095.281 2110.468 2245.375 2300.156 2388.343 2647.343 
19.968 99.718 102.031 136.812 223.625 226.812 249.843 265.281 270.437 362.218 375.156 376.875 416.500 520.687 533.187 534.468 580.875 650.781 672.593 737.625 739.218 782.812 813.593 814.937 829.031 836.125 849.843 918.656 920.031 923.406 951.031 952.437 1066.968 1101.937 1104.187 1138.218 1157.125 1397.125 1486.562 1604.500 1611.656 1613.156 1647.281 1649.062 1688.406 1763.500 1772.781 1773.906 1798.593 1799.875 1815.187 1822.781 1824.062 1879.156 1880.875 1955.187 1956.718 1979.250 2059.718 2061.250 2067.062 2095.250 2122.375 2246.062 2247.781 2299.437 3118.906 
