88.406 92.031 269.187 282.250 425.531 428.906 468.343 588.187 591.937 593.281 622.625 634.468 742.312 743.531 745.562 750.843 760.531 778.531 779.937 849.218 922.687 1009.656 1032.687 1082.250 1083.718 1127.000 1224.093 1225.312 1259.906 1261.156 1262.906 1319.968 1388.093 1950.000 
88.781 90.125 268.562 270.406 281.687 419.937 431.093 468.375 585.406 592.093 596.468 624.906 743.250 744.750 759.562 761.000 778.750 780.000 800.312 840.531 922.281 1083.312 1084.906 1126.093 1224.593 1225.843 1228.375 1244.937 1260.156 1322.125 1388.125 2419.093 3104.062 
24.375 70.281 71.781 79.875 88.750 113.937 136.812 264.281 267.906 279.875 282.593 295.875 327.875 415.593 419.437 480.718 580.906 584.937 591.312 629.187 640.843 739.468 740.687 744.468 762.406 778.906 780.437 827.156 922.375 1004.875 1006.375 1053.718 1082.031 1083.156 1126.531 1220.031 1221.281 1223.625 1260.375 1332.031 3559.437 
19.406 59.125 69.843 74.937 87.125 89.375 91.437 142.093 249.968 264.343 265.968 280.437 414.937 416.843 430.343 471.343 580.250 583.406 592.187 593.656 631.781 739.156 740.312 743.218 760.812 762.687 779.968 781.750 879.875 922.312 1004.718 1006.218 1049.687 1062.437 1082.125 1084.093 1126.187 1197.625 1220.312 1221.500 1223.812 1260.125 1405.156 2114.437 
18.937 71.062 72.531 88.781 91.281 140.218 263.531 264.718 280.906 321.000 329.125 415.093 416.406 420.281 579.937 591.562 628.375 632.687 739.156 740.343 742.937 760.906 778.937 853.156 922.187 1004.843 1009.093 1055.031 1082.281 1083.750 1126.156 1187.718 1219.718 1221.218 1224.843 1260.875 1407.281 2482.906 
22.343 69.781 87.687 262.343 280.062 308.750 415.406 417.031 552.312 579.187 581.031 582.812 591.750 628.875 739.093 740.437 743.656 778.375 779.968 922.250 1004.718 1007.343 1058.406 1081.531 1083.062 1126.468 1219.843 1221.437 1223.468 1260.843 1406.843 1731.125 
23.562 70.062 88.406 89.593 107.437 141.062 264.718 271.687 279.875 414.968 416.343 473.937 580.500 591.562 593.343 631.593 704.125 738.812 741.375 743.750 761.593 778.656 780.562 922.187 1005.343 1006.687 1081.968 1083.343 1117.187 1220.218 1221.718 1223.625 1260.187 1265.406 1405.312 2125.250 
19.218 21.937 63.500 88.750 239.312 266.500 280.031 328.218 415.093 421.406 430.687 472.937 579.437 581.218 583.625 591.312 629.531 634.156 739.031 740.093 743.062 766.531 779.250 784.531 922.093 1003.781 1005.468 1051.875 1082.625 1083.843 1118.312 1220.125 1222.125 1224.750 1260.156 1407.062 3282.906 3324.093 
21.500 70.531 72.031 88.531 141.906 264.125 321.031 415.156 416.250 449.437 581.093 582.500 591.468 631.937 739.625 740.687 743.187 778.843 797.593 851.968 866.906 922.937 1005.968 1049.656 1052.187 1081.906 1083.093 1126.125 1194.187 1220.281 1221.468 1259.156 1260.781 1308.843 1406.468 3380.781 
20.000 21.437 69.656 70.906 74.031 89.593 122.468 138.781 262.187 270.125 279.937 321.875 414.093 418.156 432.062 472.531 581.750 591.500 593.562 629.375 632.375 739.062 740.312 744.625 778.562 780.343 920.468 1003.781 1007.312 1061.218 1082.250 1083.343 1119.531 1203.187 1220.406 1221.968 1224.875 
