26.906 35.625 51.187 162.218 165.500 177.687 334.843 347.437 349.343 378.625 395.593 454.156 455.468 465.437 510.750 557.906 704.843 706.593 754.437 755.812 758.593 773.750 800.500 836.781 838.250 841.812 858.062 865.468 885.406 892.625 933.812 986.812 1026.312 1067.281 1068.718 1097.406 1101.843 1150.437 1228.125 1229.625 1232.375 1288.968 1290.625 1301.843 1365.062 1366.406 1369.656 1423.156 1464.750 1517.875 1598.375 1601.156 1632.968 3584.281 
25.125 36.343 37.968 51.062 89.125 161.656 164.687 176.031 214.406 319.500 335.187 337.593 349.781 390.062 394.750 453.093 456.593 512.437 638.625 653.843 704.656 706.312 754.593 755.875 773.250 803.093 810.750 836.687 838.031 865.125 892.406 934.375 1028.375 1068.031 1070.937 1094.312 1099.187 1149.593 1228.656 1230.250 1288.562 1290.625 1365.343 1366.625 1434.250 1557.750 1598.312 1602.812 2950.968 
38.281 50.906 81.656 162.062 163.656 176.875 184.312 196.750 220.875 333.875 348.406 394.312 454.562 457.125 467.593 510.750 625.593 661.281 705.468 707.000 709.593 754.406 755.812 758.281 772.843 804.750 837.125 838.281 858.562 890.562 892.156 933.687 951.593 1027.375 1029.187 1068.000 1071.093 1095.250 1100.125 1150.281 1228.312 1230.031 1234.500 1288.562 1292.281 1365.656 1366.937 1369.875 1423.000 1462.906 1517.281 1558.843 1598.406 1600.375 1683.000 2452.781 3663.156 
26.750 35.750 52.218 99.437 161.093 164.437 166.093 177.625 334.343 349.093 368.062 394.875 454.468 458.312 510.781 557.375 559.718 705.000 706.281 709.062 754.562 755.781 760.437 773.406 837.000 838.343 841.625 865.281 867.343 890.625 933.843 985.250 1027.562 1068.218 1071.968 1099.375 1103.968 1134.968 1228.843 1230.343 1233.093 1288.750 1292.281 1300.625 1364.906 1366.312 1463.937 1558.000 1599.468 1601.000 1681.562 1982.937 3768.812 
29.781 35.656 50.625 52.750 90.375 161.906 163.937 176.687 178.500 333.687 349.437 454.125 455.812 468.125 483.781 558.500 602.593 705.031 708.781 754.593 756.156 809.781 836.656 838.312 866.875 890.062 934.812 1028.406 1067.656 1069.593 1101.562 1228.562 1232.343 1288.312 1289.875 1301.625 1337.000 1365.406 1366.718 1464.750 1517.437 1535.906 1598.125 1600.781 2445.625 
26.500 35.562 38.812 50.718 162.437 177.000 333.093 336.125 349.531 454.750 458.593 556.812 704.656 706.031 708.625 754.875 757.156 774.125 803.750 836.500 837.750 891.281 903.281 937.031 986.812 990.343 1027.406 1068.156 1093.687 1100.125 1150.687 1228.875 1231.000 1234.250 1288.562 1290.562 1365.562 1366.906 1368.812 1463.375 1532.031 1558.375 1598.812 1600.656 2502.312 3358.031 
28.000 38.250 51.031 81.875 161.687 176.781 213.625 334.968 337.906 349.281 394.500 455.031 468.906 662.218 705.125 706.656 754.750 756.093 773.156 803.187 836.750 838.593 842.187 934.093 1027.531 1067.312 1072.000 1091.937 1099.281 1102.031 1228.437 1230.000 1233.125 1288.687 1300.218 1364.406 1365.906 1371.750 1420.343 1427.218 1464.750 1558.687 1598.750 1601.000 2914.156 3340.812 
33.718 38.281 54.281 99.250 161.718 178.093 222.187 334.187 337.781 348.781 376.531 394.187 453.906 457.593 467.500 510.781 557.843 605.156 705.218 755.062 756.375 772.968 774.593 807.500 836.125 838.031 842.562 866.406 891.687 903.625 935.968 988.406 1026.656 1067.437 1071.062 1099.718 1150.687 1228.750 1231.718 1288.718 1290.468 1327.343 1365.125 1367.437 1430.250 1551.406 1598.562 1628.750 
34.468 38.000 50.343 53.125 80.312 162.093 176.000 178.500 257.406 333.093 334.906 349.000 395.562 454.031 512.000 558.031 604.125 650.437 670.718 704.718 706.031 709.031 753.781 755.281 773.437 807.906 836.781 838.812 842.625 891.468 934.031 1027.906 1066.375 1090.968 1150.218 1228.375 1229.718 1287.968 1289.187 1292.968 1365.468 1367.093 1424.093 1463.687 1558.218 1598.687 1602.250 1634.093 1769.625 2394.000 2396.437 2632.468 3433.718 
34.281 50.281 162.031 167.125 336.156 349.031 369.312 454.531 459.218 484.156 510.750 557.906 561.718 628.343 662.906 704.625 706.250 708.156 754.968 756.375 772.531 774.156 805.812 809.062 835.937 837.312 858.687 891.343 934.562 987.625 1027.375 1068.093 1071.531 1092.843 1104.625 1228.218 1229.406 1232.500 1288.406 1289.812 1293.968 1365.187 1366.625 1369.218 1435.156 1556.812 1601.562 2553.562 
