17.156 18.406 20.406 30.156 36.687 48.906 69.062 128.593 132.062 204.812 212.031 246.656 286.062 307.312 329.593 371.718 375.093 376.656 402.937 483.437 485.281 504.218 553.312 620.718 630.312 720.343 726.468 763.812 805.687 844.687 886.843 888.437 891.843 916.937 978.968 1091.656 1094.281 1136.187 1148.406 2110.125 2166.343 
16.687 19.968 29.937 69.562 85.343 130.187 205.593 227.062 247.375 256.312 282.718 310.906 330.750 370.531 374.843 378.031 403.562 485.187 520.937 548.968 579.031 632.812 643.531 720.156 744.968 816.281 845.250 886.812 890.437 981.531 1000.343 1062.156 1066.437 1091.250 1092.750 1095.625 1146.062 2773.000 
16.906 19.750 30.000 84.218 129.687 205.062 211.218 246.843 283.281 304.281 311.343 329.343 373.875 375.125 379.250 405.750 447.843 551.875 578.031 598.593 608.187 620.375 629.406 643.562 719.687 722.656 815.187 887.000 888.593 916.468 998.812 1061.750 1069.406 1092.812 1096.656 1136.531 1147.281 1555.062 2762.218 3583.718 
16.406 19.250 29.812 33.500 88.500 127.906 129.625 187.656 204.437 206.437 282.500 287.343 311.125 329.593 373.531 374.906 377.625 402.656 500.875 521.125 540.062 551.468 634.312 720.781 728.156 786.843 844.750 886.062 887.375 888.875 995.312 1091.687 1093.718 1147.375 2685.250 2924.750 3379.093 
12.750 16.406 18.625 20.343 30.281 86.656 128.031 205.375 211.281 226.687 279.250 284.468 328.750 373.656 375.000 376.531 403.093 449.781 472.343 486.187 492.312 499.781 552.250 631.375 643.531 720.343 727.875 745.000 815.312 886.906 888.218 1000.781 1054.875 1063.843 1091.500 1097.156 1148.468 1293.218 1652.250 2492.218 2649.656 
16.906 19.562 30.437 32.031 83.968 129.531 205.125 206.968 246.437 259.656 281.093 329.468 374.156 375.781 379.062 471.843 546.687 644.375 719.937 729.031 843.031 887.312 888.812 916.656 1001.312 1069.843 1092.968 1136.875 1149.562 2068.281 2878.656 3212.968 
16.593 19.531 30.187 68.625 89.875 130.031 205.500 207.375 246.812 279.656 281.468 328.593 374.718 376.062 405.687 483.000 488.031 521.093 548.718 552.593 621.375 634.343 720.531 724.375 784.218 797.250 842.937 885.906 887.343 889.062 998.812 1065.968 1092.906 1096.812 1146.656 
16.875 29.968 35.843 68.906 85.812 129.062 135.750 182.062 204.875 211.062 248.343 279.406 286.781 328.375 330.500 374.437 404.250 448.093 478.406 577.593 579.937 606.000 621.250 719.875 820.468 844.687 886.906 916.562 962.750 1086.375 1092.718 1094.468 1148.000 
16.625 19.312 30.187 59.125 71.531 89.781 129.531 134.156 182.718 204.812 210.500 227.000 246.656 281.281 287.531 329.968 374.718 404.750 522.968 538.781 550.593 566.218 629.156 725.843 744.187 795.906 816.437 843.843 887.125 888.531 892.000 1062.187 1092.687 1145.937 3601.718 
16.718 19.062 23.250 31.187 50.187 68.468 85.250 129.312 205.062 211.468 245.843 279.687 284.875 312.093 328.687 373.593 375.281 405.437 472.625 508.187 553.375 609.875 617.531 622.031 720.281 727.312 781.625 844.312 887.000 888.281 890.218 919.250 997.593 1063.031 1092.593 1094.625 1148.812 1277.375 1645.000 1941.718 2386.843 3843.000 
