17.625 19.593 38.062 43.437 86.718 110.093 127.906 196.468 216.000 222.531 252.531 329.593 368.375 453.250 454.968 504.250 531.593 568.375 680.906 717.250 748.156 751.937 767.968 810.906 846.687 904.281 906.468 956.031 958.093 973.937 1088.843 1090.437 1092.125 1165.812 1167.625 1203.437 1207.312 1256.468 1320.062 1365.656 1387.937 1389.968 1423.281 1425.468 1429.281 1475.187 1486.125 1515.968 1541.531 1543.593 1620.343 2250.343 3277.937 3775.875 
17.656 36.937 68.125 110.406 186.156 222.000 251.812 306.562 329.531 332.625 370.468 408.468 453.468 456.281 478.187 505.906 526.375 530.656 554.000 566.625 568.906 611.125 681.406 748.937 751.375 846.187 880.625 885.312 904.562 956.062 958.375 1077.187 1089.687 1091.218 1093.281 1095.906 1127.031 1129.125 1165.875 1167.593 1203.750 1256.968 1320.937 1357.281 1365.187 1387.625 1390.156 1423.468 1476.312 1485.218 1541.281 1542.781 1597.562 1622.062 2774.750 
17.843 19.375 37.437 67.312 197.281 221.937 331.187 371.187 401.281 453.343 455.281 505.468 526.812 567.187 572.281 683.781 720.156 750.718 754.062 767.687 810.656 846.468 904.218 956.625 958.250 1090.000 1092.437 1095.156 1165.812 1167.406 1169.343 1171.593 1209.281 1321.375 1355.031 1389.093 1403.281 1424.281 1425.843 1474.718 1516.750 1541.125 1542.312 1597.000 2012.156 2630.812 3118.218 3878.906 3945.250 
17.656 18.875 37.625 42.968 69.562 109.750 223.250 331.125 370.218 453.187 458.156 505.000 525.750 567.062 569.500 621.781 649.781 681.156 717.312 750.437 810.375 846.562 878.718 905.281 955.312 957.750 1089.656 1092.250 1166.312 1167.906 1169.593 1204.593 1280.906 1320.062 1388.187 1390.218 1405.218 1423.937 1487.781 1541.781 1542.968 1595.718 1599.250 
18.250 28.562 38.781 69.156 89.750 106.156 199.875 221.218 224.062 254.750 371.281 397.812 452.406 454.000 504.687 529.437 532.093 567.000 568.500 652.437 681.812 720.125 750.406 811.625 847.312 904.062 905.625 956.281 958.468 1064.406 1089.812 1091.187 1093.250 1165.687 1167.000 1172.062 1203.250 1319.718 1388.593 1424.250 1487.062 1541.781 1543.500 1596.906 1743.031 
18.156 20.281 37.125 40.312 190.968 221.625 252.843 307.468 326.500 332.312 369.906 453.187 455.187 497.500 504.937 527.625 532.218 567.187 569.281 687.000 751.843 812.031 846.406 880.281 905.687 907.593 957.437 960.250 974.281 1087.968 1089.812 1091.656 1165.781 1170.375 1203.156 1205.312 1258.750 1323.125 1366.781 1386.593 1388.281 1390.500 1429.000 1478.687 1498.875 1541.718 1543.468 1597.156 1614.218 1679.718 2846.531 3156.281 3257.593 
18.156 37.468 42.000 110.031 185.062 221.343 252.812 307.468 331.750 370.187 373.281 452.843 454.437 530.812 568.312 570.937 650.375 718.718 751.906 809.875 845.000 849.343 881.187 905.093 958.562 1023.875 1089.687 1092.656 1095.656 1166.937 1169.000 1204.812 1256.812 1319.625 1357.000 1382.406 1387.812 1390.218 1405.281 1426.593 1541.406 1544.093 1596.468 3312.968 
17.093 20.250 37.750 109.718 222.812 225.750 241.937 252.468 329.875 332.562 369.718 453.000 454.531 501.500 530.156 566.937 645.875 683.562 718.406 752.937 763.093 846.156 899.468 905.250 910.718 955.187 957.406 960.531 1090.062 1095.406 1165.718 1167.187 1202.968 1207.218 1230.718 1320.218 1324.843 1368.281 1387.875 1389.656 1423.843 1425.656 1474.625 1488.312 1516.281 1541.406 1598.437 1601.718 
17.500 22.406 36.937 108.812 185.312 190.218 197.625 222.593 253.406 331.375 336.875 370.281 401.312 452.562 455.406 528.250 532.906 567.093 570.500 625.218 684.218 720.062 752.125 768.781 847.656 905.093 909.125 955.687 960.031 1077.812 1089.375 1091.437 1128.000 1166.500 1168.531 1203.906 1319.906 1354.906 1388.125 1390.031 1405.093 1423.187 1425.843 1487.031 1541.593 1543.312 1545.406 1596.718 1613.375 1954.062 2136.468 2396.812 3526.531 
17.125 37.781 43.531 67.375 87.468 198.375 221.531 253.656 330.250 370.875 404.500 408.625 452.437 454.125 504.937 529.343 566.843 568.312 680.781 750.656 809.937 845.968 854.375 904.812 956.000 958.687 1065.843 1089.718 1094.031 1127.000 1166.000 1172.187 1203.593 1319.750 1325.187 1354.812 1386.562 1403.812 1422.593 1425.031 1486.718 1516.000 1541.906 1596.156 1613.281 
