20.750 40.781 45.093 50.812 53.937 76.593 103.437 168.500 172.281 210.062 268.375 270.343 306.406 335.437 353.468 418.750 420.125 452.406 455.718 481.187 532.375 536.125 592.812 626.062 627.343 630.093 683.937 690.656 692.781 740.406 742.000 809.312 880.656 881.968 883.812 886.218 941.312 951.343 1036.250 1091.656 1093.093 1107.218 1128.375 1166.437 1278.593 1280.343 1301.968 1358.562 1447.781 1449.250 1504.718 1515.281 1563.343 1565.187 1591.750 1613.250 1703.968 1705.343 1708.093 1723.500 1755.187 1790.718 1795.281 1917.156 1919.000 1933.593 2020.812 3049.312 3925.750 
27.218 42.906 46.468 52.000 113.687 168.500 169.687 172.093 268.187 269.625 418.875 421.093 453.500 477.187 592.812 626.593 628.187 631.187 679.562 690.687 692.406 740.687 742.437 808.406 880.875 882.187 884.375 943.750 953.906 978.468 1036.468 1091.812 1093.187 1106.187 1128.875 1278.500 1280.156 1359.406 1414.625 1448.093 1454.468 1505.593 1514.093 1517.531 1563.187 1565.625 1597.812 1640.656 1704.375 1705.593 1722.062 1750.625 1791.000 1859.781 1872.218 1874.906 1916.062 1917.875 1953.406 1992.281 2023.625 3616.468 
22.593 41.968 50.625 52.031 77.218 115.187 168.843 170.312 172.937 196.062 224.593 267.437 268.687 270.593 354.031 419.687 452.437 543.906 556.562 586.687 590.718 595.156 625.843 627.937 667.843 690.406 691.781 740.968 742.687 806.750 880.562 881.718 884.781 889.781 1035.406 1091.906 1093.500 1107.750 1129.437 1155.125 1277.718 1279.875 1304.468 1358.406 1362.500 1368.031 1414.156 1448.062 1450.093 1517.531 1563.531 1565.125 1704.031 1705.437 1708.156 1791.656 1823.031 1916.687 1918.250 1932.875 2254.406 
40.625 56.093 76.250 106.906 168.625 170.156 172.875 195.625 224.968 267.968 269.093 273.125 418.843 420.812 476.562 536.187 588.093 626.406 627.812 630.750 691.281 692.843 695.500 740.093 741.781 743.250 817.968 881.031 882.531 885.437 951.187 1035.437 1091.875 1093.250 1108.000 1128.593 1170.562 1278.000 1279.218 1359.406 1367.000 1412.750 1448.187 1451.531 1516.000 1563.593 1565.406 1597.468 1704.031 1705.437 1709.156 1722.406 1791.156 1796.250 1862.281 1876.562 1916.656 1918.562 1934.093 1994.062 2077.375 3586.843 
22.718 42.125 45.062 51.062 55.968 105.250 168.625 170.812 172.718 195.468 222.187 268.125 269.750 272.125 307.187 418.843 420.437 450.687 478.656 535.625 539.062 593.531 626.656 627.968 691.312 697.031 736.843 741.687 743.468 772.500 799.687 880.781 882.093 884.062 1039.500 1092.000 1093.343 1108.093 1129.562 1256.375 1278.343 1279.593 1281.500 1303.500 1359.125 1414.500 1448.125 1454.062 1514.312 1518.718 1563.875 1565.562 1624.031 1704.156 1705.468 1709.156 1722.218 1754.031 1791.906 1874.156 1916.812 1918.562 1994.750 2021.500 
25.812 40.281 43.281 50.968 86.343 168.562 170.125 172.406 174.750 268.156 269.500 274.343 347.593 418.562 421.062 455.937 481.437 540.843 594.843 626.312 627.687 629.500 690.250 691.843 693.968 740.656 742.281 809.468 818.031 880.468 881.781 883.656 885.343 928.312 951.250 973.968 1003.281 1038.312 1091.750 1093.156 1107.312 1128.281 1277.875 1279.843 1360.125 1367.500 1415.562 1447.812 1449.125 1452.406 1513.218 1516.906 1563.125 1564.531 1596.437 1639.843 1704.375 1705.906 1707.250 1724.093 1752.687 1790.843 1793.000 1866.125 1874.125 1916.250 1917.781 1956.500 2021.968 2468.906 2488.500 2751.625 2752.843 2757.312 
24.031 41.218 45.531 51.906 78.218 168.437 170.812 172.531 224.156 267.906 269.625 272.687 306.968 418.906 420.093 454.750 478.656 626.250 629.937 690.531 694.593 741.656 743.937 880.906 882.218 886.437 931.375 968.875 1037.625 1091.500 1093.031 1129.125 1277.906 1279.343 1282.312 1359.187 1360.437 1414.937 1448.281 1449.812 1513.031 1516.281 1564.531 1655.937 1704.125 1705.687 1707.093 1791.250 1871.593 1916.593 1918.093 1954.437 1975.500 2022.343 2105.000 
39.937 42.312 52.531 54.906 113.906 168.468 174.093 226.156 268.687 269.937 419.468 453.187 474.843 533.937 593.718 626.531 628.718 631.437 690.687 692.218 694.843 740.625 742.218 814.781 880.750 900.468 928.156 1036.312 1048.375 1092.031 1093.312 1106.968 1128.375 1278.343 1281.750 1306.500 1360.750 1364.593 1414.750 1447.656 1498.812 1504.875 1516.468 1563.156 1564.781 1589.156 1592.781 1703.968 1707.187 1755.406 1790.312 1868.281 1916.656 1918.156 1933.343 1955.312 2079.875 2944.781 
40.406 44.562 76.875 168.031 169.750 171.468 225.281 268.500 269.968 419.437 421.281 477.968 483.906 537.031 594.343 626.312 629.187 690.625 692.000 695.312 740.718 742.406 815.468 881.062 882.406 884.281 953.500 979.281 1092.031 1093.187 1098.718 1107.437 1128.281 1167.812 1277.656 1279.031 1282.093 1359.093 1363.750 1414.250 1448.156 1449.593 1503.281 1513.968 1564.531 1590.718 1640.218 1703.781 1705.250 1708.250 1751.031 1764.281 1790.968 1867.062 1917.468 1919.593 1953.218 2023.156 2241.125 
23.968 28.656 40.687 50.750 54.843 105.968 113.781 168.593 169.781 172.593 226.718 268.093 269.250 273.156 337.000 419.312 420.812 423.062 454.125 481.406 544.343 594.375 625.250 626.593 628.812 636.687 691.718 693.656 740.781 742.187 808.468 880.750 882.062 884.875 1092.218 1093.750 1107.437 1130.125 1278.875 1280.312 1301.125 1359.531 1367.312 1413.812 1416.593 1448.187 1449.906 1506.218 1514.062 1563.656 1565.031 1704.250 1705.531 1708.781 1792.062 1820.718 1828.125 1858.500 1871.375 1916.093 1918.000 1993.093 2230.218 3221.750 
