49.187 76.156 77.406 79.750 105.718 220.718 405.531 440.312 538.312 549.687 551.375 555.250 583.000 615.093 678.500 679.656 695.125 735.125 748.156 775.937 793.531 817.343 855.093 897.468 1145.437 1169.406 1349.625 1376.156 1479.406 1495.656 1496.812 1513.156 1533.281 1557.750 1628.343 1706.531 1769.531 1823.718 1853.031 3019.656 
76.312 79.812 221.156 226.781 406.437 472.406 541.500 549.531 552.656 597.250 616.062 679.343 680.968 683.687 769.000 777.531 814.718 899.250 915.281 965.750 1024.281 1195.875 1470.500 1478.656 1495.281 1497.000 1543.031 1557.718 1561.250 1605.375 1607.312 1627.593 1769.000 1801.343 1818.843 1854.593 2831.500 3623.187 
20.718 22.968 37.343 41.156 46.906 62.343 74.375 76.062 104.562 183.375 186.843 220.125 222.093 252.375 309.281 313.000 394.187 405.687 411.468 431.562 531.468 536.187 541.875 548.468 550.000 595.093 615.968 617.968 658.656 679.062 680.656 694.375 772.812 775.593 850.406 1135.406 1136.718 1139.343 1180.156 1246.875 1250.562 1266.187 1337.343 1348.218 1372.687 1412.593 1476.906 1478.281 1495.125 1540.562 1558.437 1603.968 1626.281 1686.437 1767.437 1796.500 1800.312 1862.156 2841.656 
27.500 37.593 48.687 60.500 74.218 105.281 184.250 218.781 250.843 308.281 339.156 402.031 412.375 432.250 489.031 531.593 533.750 548.250 549.718 616.812 658.875 678.875 680.218 746.968 774.062 818.750 852.031 897.406 900.187 923.093 1135.500 1139.468 1204.875 1247.062 1248.593 1334.437 1347.656 1372.812 1375.625 1413.406 1450.000 1476.531 1477.750 1494.875 1496.406 1540.531 1561.250 1603.500 1605.531 1626.062 1630.625 1685.687 1692.437 1766.656 1797.406 1846.625 1852.093 3259.781 3576.062 
22.625 37.343 38.687 60.656 74.375 75.937 78.781 82.531 84.625 106.656 185.406 219.468 222.343 251.656 306.125 309.500 343.250 393.687 414.718 432.375 499.906 532.312 536.750 548.468 550.000 597.000 615.906 657.875 678.531 680.281 750.187 773.906 818.375 855.500 899.312 1135.625 1137.187 1172.031 1195.937 1249.593 1263.750 1331.125 1334.531 1347.156 1351.125 1417.437 1444.156 1476.906 1478.187 1495.375 1531.593 1541.500 1561.500 1564.093 1604.406 1626.500 1628.687 1686.031 1766.656 1799.750 1860.875 2925.968 
22.656 37.531 40.718 60.531 74.093 75.843 78.000 103.062 183.937 186.937 220.843 252.062 305.781 308.781 342.500 401.312 409.281 411.562 532.500 534.406 547.812 549.312 595.312 615.687 618.812 659.312 678.937 685.125 741.343 772.968 776.187 815.531 858.750 899.687 1135.687 1136.875 1139.500 1202.093 1248.156 1346.875 1375.718 1477.250 1480.125 1495.187 1539.812 1541.437 1561.687 1603.843 1627.093 1684.718 1767.031 1848.062 1862.187 
23.906 37.250 38.468 62.500 74.500 104.250 185.687 219.187 306.218 392.156 401.656 411.468 433.687 531.562 533.093 535.937 548.625 550.093 615.656 661.562 679.125 681.000 747.906 771.781 775.375 819.718 854.031 898.437 1136.187 1137.843 1248.218 1263.093 1332.500 1351.781 1374.125 1413.781 1443.343 1477.718 1479.062 1495.343 1539.781 1561.062 1604.468 1625.843 1627.187 1721.250 1793.968 
23.687 37.937 39.250 61.343 74.312 76.468 104.656 184.406 220.031 223.281 250.406 402.218 410.468 422.875 531.718 536.656 547.625 549.250 594.031 617.218 620.312 660.687 678.718 680.218 748.718 772.875 776.906 853.000 897.093 927.875 1134.687 1136.156 1197.125 1246.343 1347.937 1372.250 1414.562 1476.531 1477.875 1481.156 1494.593 1541.031 1557.781 1562.187 1603.937 1607.625 1627.531 1767.531 1797.156 1846.750 1870.500 3352.218 
24.281 37.281 38.593 42.593 63.343 74.250 77.281 104.750 185.906 190.375 219.812 222.187 251.937 311.531 341.093 392.875 402.531 532.812 548.750 552.250 615.562 617.312 659.656 679.218 771.531 776.062 818.968 853.281 897.031 901.750 1134.937 1136.375 1247.531 1249.750 1373.343 1413.875 1476.843 1478.750 1494.125 1497.125 1541.687 1560.718 1603.968 1626.093 1693.562 1722.375 1799.750 1860.500 2412.937 2860.718 3200.500 
24.843 37.968 62.062 74.125 76.718 105.812 184.218 219.937 221.750 307.781 315.093 342.500 395.250 412.062 531.875 536.562 548.718 596.781 616.218 658.093 678.406 680.218 771.625 791.531 819.343 850.593 853.468 894.625 1135.375 1138.343 1247.218 1250.281 1295.125 1346.937 1349.437 1377.968 1414.062 1476.718 1478.812 1494.625 1496.218 1539.906 1561.718 1564.968 1603.281 1608.093 1626.218 1692.500 1720.062 1760.406 1766.968 1798.937 1844.937 1848.031 1992.750 
