86.406 91.343 107.062 144.125 146.812 166.218 174.718 322.875 324.218 328.468 386.906 499.312 502.687 517.281 522.718 559.562 661.968 663.156 664.687 710.906 728.875 744.187 836.812 838.718 849.281 889.437 943.468 946.468 1012.843 1033.156 1050.437 1063.937 1065.281 1121.312 1122.562 1150.281 1249.750 1271.281 1273.375 1299.468 1395.562 1397.156 1484.968 1493.000 1569.718 1570.937 1575.031 1623.937 1725.968 1742.312 1795.937 1806.718 1852.968 1855.000 1955.656 2003.875 2005.312 2030.156 2086.718 2130.500 2133.218 2278.687 3158.156 
88.375 102.218 143.375 145.843 309.312 324.531 361.875 500.593 519.000 558.062 662.687 664.656 707.406 733.500 746.125 837.062 839.125 850.156 942.375 1001.781 1064.593 1122.031 1123.437 1124.906 1153.468 1271.281 1273.343 1298.093 1395.437 1398.968 1438.937 1493.406 1569.906 1571.125 1575.000 1634.218 1741.000 1807.125 1852.718 1855.187 1856.937 2004.093 2006.593 2032.875 2059.031 2132.125 2231.031 3973.343 
88.062 89.500 92.406 101.718 111.281 113.937 141.875 146.406 323.875 327.968 361.406 500.500 518.218 529.156 559.625 662.656 663.843 734.906 744.750 837.093 839.062 850.593 890.687 895.437 943.781 994.093 1012.531 1051.875 1063.218 1121.406 1124.500 1193.937 1230.437 1250.062 1271.625 1273.031 1301.406 1396.062 1397.968 1414.625 1493.937 1569.906 1571.281 1623.343 1676.937 1725.812 1743.125 1796.000 1813.343 1853.281 1854.656 1856.656 1938.718 1944.000 2004.250 2008.093 2033.656 2131.125 2171.125 2175.750 2322.031 
87.218 88.468 101.343 102.593 170.687 324.281 325.781 360.562 501.406 517.718 529.968 560.656 663.500 664.718 679.625 707.156 732.843 735.437 745.218 837.000 838.218 849.375 891.562 942.812 945.000 1012.281 1013.718 1034.562 1051.125 1122.000 1124.062 1250.343 1270.906 1272.968 1299.156 1395.062 1495.062 1570.593 1572.062 1574.281 1625.781 1727.156 1757.687 1796.343 1853.625 1854.937 1859.031 1880.468 1934.062 1999.656 2005.156 2031.406 2132.031 2143.593 2171.312 2189.468 2429.437 
50.875 88.031 148.437 170.812 310.218 324.218 325.656 386.750 501.593 517.562 520.656 532.750 558.812 633.656 662.750 665.250 707.687 733.656 747.531 826.312 836.937 838.531 849.062 890.375 944.593 994.281 1013.843 1033.093 1052.750 1121.687 1123.593 1126.468 1272.218 1393.625 1396.812 1495.968 1553.906 1570.406 1574.468 1627.250 1729.250 1806.343 1853.312 1855.000 1860.343 1883.781 1946.156 1975.812 1981.437 2005.187 2047.125 2131.625 2134.968 2238.656 3343.531 
87.343 90.750 143.968 145.468 324.031 366.125 500.562 504.875 517.406 559.281 662.625 664.781 708.437 745.968 837.093 838.531 849.593 896.312 943.812 1034.000 1053.593 1082.218 1117.750 1121.968 1124.218 1198.812 1249.937 1272.437 1312.562 1354.250 1396.000 1397.468 1452.500 1569.718 1571.156 1573.625 1624.593 1679.000 1805.531 1807.468 1853.656 1856.562 1882.843 2004.937 2032.531 2060.062 2131.500 2149.156 
87.968 89.656 101.156 112.187 144.156 306.187 323.687 324.875 501.312 504.156 517.281 519.437 559.468 663.093 664.375 680.500 706.437 734.406 745.312 829.406 838.375 849.218 853.812 889.593 899.031 943.250 992.375 1050.562 1052.343 1121.718 1123.968 1153.906 1271.937 1275.125 1395.937 1397.843 1406.468 1492.687 1570.375 1571.843 1624.437 1744.375 1796.468 1853.218 1855.031 2004.375 2030.843 2057.187 2069.593 2131.125 2145.000 3415.437 
87.281 100.875 123.375 146.500 322.937 325.187 329.281 500.281 517.093 530.281 559.437 662.968 706.250 729.968 746.843 837.843 839.687 848.937 888.718 891.875 942.250 944.656 1036.281 1050.968 1122.500 1123.843 1125.812 1152.437 1229.812 1259.468 1271.781 1302.968 1370.156 1396.593 1440.843 1496.656 1569.968 1571.750 1590.281 1625.156 1725.687 1742.093 1799.812 1853.781 1855.437 2000.812 2005.593 2034.406 2132.031 2145.750 
88.156 102.312 123.718 144.281 324.125 332.062 361.125 500.312 504.312 517.187 529.781 561.687 662.625 663.968 707.187 733.906 745.812 827.593 837.406 839.343 849.562 944.531 1018.281 1032.718 1051.093 1053.406 1118.312 1122.281 1123.812 1125.625 1270.875 1397.781 1444.312 1484.281 1570.031 1571.312 1589.781 1625.875 1743.031 1800.812 1852.875 1855.125 1857.000 1884.437 1944.531 2004.437 2008.437 2034.281 2067.781 2130.625 2173.375 
51.656 86.875 91.718 103.062 170.250 324.468 361.062 466.812 500.843 517.406 520.031 559.625 663.656 665.812 707.375 746.031 824.343 838.437 849.406 891.187 943.562 945.000 1014.812 1054.875 1064.625 1122.000 1124.062 1154.562 1233.718 1271.531 1297.843 1312.593 1392.093 1398.750 1451.343 1494.593 1570.000 1572.062 1576.875 1625.375 1629.281 1741.625 1853.843 1855.625 1885.187 1950.593 2004.937 2032.062 2132.281 2349.437 2357.906 
