19.093 55.781 67.843 71.312 97.531 104.812 129.312 162.937 201.968 203.437 257.000 258.343 279.906 308.281 343.375 354.875 360.156 368.781 400.875 434.718 436.406 527.937 551.562 572.031 589.593 601.031 620.968 640.437 681.218 785.843 877.281 920.406 921.968 923.593 949.062 975.968 977.375 981.375 1035.875 1077.937 1121.062 1158.281 1248.250 1271.125 1288.000 1293.062 1310.500 
18.781 20.187 56.062 67.187 70.343 96.968 98.406 107.531 131.625 163.312 202.437 204.875 226.343 256.875 258.062 300.531 318.625 343.468 356.437 358.875 435.593 454.750 521.968 551.750 553.562 571.843 589.406 609.156 701.625 786.531 864.031 879.500 920.343 922.625 924.312 975.968 977.500 980.093 1066.718 1077.531 1121.500 1158.562 1246.937 1270.625 1290.843 1293.375 1306.468 1399.062 
17.187 67.343 70.937 98.312 107.562 129.281 202.750 204.125 226.531 257.031 258.312 279.250 311.093 343.781 355.375 357.343 399.531 434.500 437.000 471.562 519.343 552.062 573.375 626.843 680.531 784.375 862.937 880.156 920.218 921.687 923.562 976.593 980.968 1037.562 1077.593 1120.718 1158.500 1270.531 1291.437 1319.656 1342.000 1397.593 1400.031 2856.843 
18.687 59.500 67.593 69.187 93.562 97.187 129.343 201.656 202.906 226.625 257.375 258.562 315.531 344.343 397.687 435.031 436.625 527.375 551.250 573.250 622.250 641.875 785.500 879.187 920.343 921.687 923.937 976.000 977.406 1038.281 1078.250 1120.750 1159.687 1249.531 1291.687 1394.906 1399.531 2606.281 
17.968 55.875 67.125 70.343 94.750 99.062 108.343 129.687 131.750 202.125 203.593 206.781 228.093 257.031 258.250 318.468 343.437 357.406 368.093 400.500 434.937 523.437 551.468 553.000 574.000 620.875 682.812 700.312 785.281 787.843 881.250 920.437 921.781 923.875 949.750 976.250 977.500 1076.812 1121.062 1158.281 1271.687 1291.062 1344.187 1358.687 3262.968 
19.437 58.687 67.437 71.656 129.375 194.531 201.406 202.937 232.750 257.187 258.375 310.312 343.500 356.125 398.187 435.156 436.750 467.781 529.031 552.437 573.250 608.187 622.531 639.812 703.656 785.656 867.812 881.656 920.062 921.437 950.312 976.093 979.156 1037.562 1076.906 1121.125 1122.562 1159.437 1271.062 1291.500 1399.062 1858.531 2142.625 2683.968 2769.218 3984.437 
19.156 28.875 67.625 69.125 71.031 98.593 102.093 143.562 202.406 203.687 207.312 257.000 258.625 343.625 345.718 356.218 397.125 403.062 435.375 468.937 523.250 528.750 552.000 572.125 590.625 621.468 677.437 700.218 785.625 862.406 920.687 922.125 949.562 976.062 978.000 1071.531 1076.656 1121.125 1156.406 1270.906 1291.406 1398.406 1645.281 2461.125 
19.812 52.343 68.125 72.906 96.531 122.718 130.531 162.375 202.437 204.031 226.750 256.906 308.656 343.343 355.812 397.687 435.750 467.937 472.937 528.843 552.093 575.031 599.000 638.593 677.031 695.218 785.625 787.218 880.125 920.500 921.875 949.500 976.875 1078.062 1120.468 1158.750 1271.000 1290.437 1293.031 1314.937 1398.531 1400.687 1474.406 2112.312 
18.250 56.187 67.156 68.625 71.750 98.031 107.500 129.500 162.531 201.937 203.656 207.187 229.125 257.406 261.250 343.687 356.093 358.812 398.468 435.062 437.031 521.062 551.312 572.750 620.875 680.875 785.375 836.781 862.968 920.531 922.406 950.218 976.343 978.062 1037.750 1076.843 1078.406 1121.218 1157.093 1242.562 1271.093 1291.281 1316.625 1401.093 1865.656 2168.625 2775.343 
18.031 62.125 67.656 70.500 97.281 108.343 128.812 202.218 203.531 256.937 258.437 343.906 356.750 397.093 398.875 434.687 437.218 468.156 552.062 572.812 600.031 620.093 700.500 785.031 789.281 864.281 880.000 920.156 921.812 950.656 976.156 983.125 1036.187 1077.656 1081.375 1121.718 1158.500 1248.531 1270.343 1272.875 1290.218 1400.281 1405.281 
