25.906 68.312 295.843 402.781 526.812 659.187 1124.062 1390.875 1994.000 
114.531 422.062 566.812 1091.125 1189.593 
39.000 42.062 77.781 264.156 296.187 387.468 402.812 462.656 848.781 866.843 876.593 1099.187 1104.781 1122.531 1371.937 1389.781 1569.156 1634.093 1929.250 
26.906 322.062 476.375 586.125 739.625 758.625 767.000 909.531 952.281 1129.500 1218.687 1234.531 1294.281 1407.406 1414.562 1703.187 1748.062 1800.468 
25.343 44.937 49.875 58.218 414.437 448.718 722.906 758.843 909.000 1111.593 1118.343 1209.437 1225.343 1250.281 1285.187 1700.781 
31.593 70.281 100.218 295.968 538.718 734.406 880.500 991.875 1103.875 1328.656 1350.593 1571.937 1704.000 1732.125 1903.125 1925.218 1986.812 
42.812 57.875 329.062 417.156 453.218 764.468 867.968 890.312 955.437 1122.656 1216.343 1362.406 1595.437 1760.843 
31.812 45.687 89.906 254.968 477.968 589.906 848.968 909.031 940.000 960.937 1242.906 1635.531 1650.937 1697.687 1903.000 1925.531 1993.031 
44.906 96.750 210.250 256.250 345.718 421.125 758.312 769.281 877.625 908.750 939.312 1106.312 1344.593 1399.656 1611.750 1703.156 1992.031 1995.750 
31.531 49.437 57.937 99.875 206.843 286.406 296.031 430.187 477.843 731.000 744.375 755.062 775.718 1423.125 1578.843 1598.125 1741.781 
