49.875 133.468 207.687 238.843 706.343 803.656 872.343 1244.906 1722.593 
25.937 30.812 47.843 287.125 741.906 876.781 1569.656 1724.562 
11.312 14.781 208.375 885.718 1651.718 1853.875 1872.343 
12.343 14.343 270.281 386.093 555.937 560.593 579.125 700.843 1248.531 1634.000 1786.562 1868.468 1955.406 
49.687 54.843 266.250 512.218 803.843 808.906 873.531 967.875 1125.937 1150.812 1151.843 1251.968 1570.750 1608.375 1661.406 1725.312 1780.156 1885.093 1895.937 1960.781 
11.812 18.531 31.062 48.062 72.656 240.531 247.718 510.093 1126.437 1170.093 1677.750 1736.937 1854.687 1864.906 1872.281 
22.250 27.437 34.593 275.250 519.062 706.406 734.812 877.406 964.656 1084.656 1182.031 1349.812 1385.906 1563.687 1635.031 1636.093 1763.562 1871.656 
11.468 26.718 61.875 107.125 133.875 238.781 513.875 548.281 706.312 753.156 809.656 871.843 1349.656 1648.250 1681.031 1723.187 1743.125 1869.375 1892.531 1980.968 
15.187 33.593 395.281 550.156 820.000 871.062 1077.375 1221.781 1271.250 1349.562 1724.406 1734.281 1737.375 1742.843 1946.468 1948.812 1978.500 
11.937 14.281 25.218 26.656 32.843 37.750 518.406 560.125 845.031 877.937 887.406 895.250 1053.000 1053.218 1105.531 1340.906 1905.968 1948.187 1977.906 
