94.750 299.812 1180.812 1546.375 
68.937 741.843 834.875 955.250 1177.906 1199.750 1223.687 1867.656 
14.156 497.531 525.562 1463.000 1643.687 
69.031 74.750 93.906 338.312 374.968 515.718 741.906 787.250 795.000 947.812 1135.593 1236.937 1242.375 1461.500 1462.937 1611.968 1643.906 1766.781 
31.656 74.718 93.625 96.156 105.312 283.656 493.031 503.437 712.562 807.250 962.531 1102.500 1161.843 1211.343 1223.437 1240.343 1734.062 1792.187 
68.312 355.281 940.406 971.937 1132.562 1187.687 1478.187 
11.406 69.281 94.500 376.437 741.656 963.375 1127.281 1236.843 1240.906 1476.968 1676.687 1805.093 
79.875 80.125 287.687 299.218 326.718 328.031 346.750 461.906 489.062 532.343 761.687 931.468 1223.718 1646.312 1664.125 
11.281 26.750 33.250 93.968 238.281 300.531 327.437 487.937 503.812 710.531 821.968 1085.781 1199.906 1210.906 1249.375 1644.468 1663.312 1783.500 
72.937 249.718 742.593 958.187 963.312 1160.906 1203.062 1377.812 1458.812 1520.125 1675.500 1767.562 1776.906 1936.375 
