160.531 346.500 470.625 536.500 647.968 767.750 1091.500 1158.125 1172.375 1790.500 1807.906 
163.812 330.093 504.843 528.531 1172.718 1231.781 1365.687 1774.593 1933.875 
162.250 185.968 799.968 1379.031 1393.468 1416.500 1918.312 
283.000 376.218 979.093 1220.656 1222.375 1234.406 1380.125 1384.625 1777.031 1918.187 1925.781 
145.062 358.562 364.375 974.750 989.750 1105.000 1111.812 1223.250 1673.125 1688.000 1780.812 1981.062 
43.781 67.500 354.062 528.593 624.031 740.187 996.875 1030.562 1164.812 1178.687 1207.000 1376.750 1399.406 1757.312 1820.593 1925.406 
146.968 153.937 737.312 1033.718 1162.500 1220.781 1233.343 1351.812 1376.312 1789.906 1821.406 1916.437 1924.562 1939.906 
17.375 145.593 164.031 364.593 370.875 532.843 729.156 799.500 997.312 1374.343 1402.531 1983.156 
110.562 165.781 329.468 362.468 363.093 520.375 838.812 1145.343 1193.937 1228.000 1364.468 1525.750 1906.312 
85.718 146.093 379.250 498.687 1030.437 1157.968 1183.937 1208.906 1373.625 1433.250 1789.250 1807.718 1916.468 1916.843 1928.906 
