26.625 137.750 156.468 175.875 671.031 847.562 1166.093 1191.718 1945.812 
175.718 398.250 
13.968 217.468 384.656 725.062 816.281 973.968 1166.343 1213.718 1264.781 1285.687 1443.906 1929.843 
15.093 17.218 26.875 82.781 142.812 164.312 273.343 417.968 551.750 702.531 849.406 849.718 902.437 1143.718 1185.093 1191.093 1197.968 1208.562 1410.031 1593.437 1636.187 
13.437 14.093 15.656 25.968 38.218 42.593 121.031 152.125 366.406 437.437 650.812 861.906 1189.562 1265.000 1290.812 1432.937 1469.125 1485.281 1590.843 1663.593 1674.656 1920.156 
17.218 38.687 39.968 103.312 203.968 272.750 675.625 713.281 1067.531 1163.781 1210.281 1285.500 1464.281 1490.375 1677.218 1678.593 1952.062 
13.656 16.031 27.125 43.843 55.093 146.281 195.593 299.468 1165.968 1230.437 1287.375 1408.343 1466.718 1475.312 1572.125 1593.562 1678.843 1937.281 1944.718 
13.750 40.156 217.687 560.250 1169.687 1183.656 1289.375 1409.750 1433.343 1490.750 
25.937 32.531 39.937 56.250 192.843 474.875 658.968 969.437 1067.187 1181.312 1190.531 1424.406 1464.531 1474.843 1489.125 1677.937 1946.906 
33.750 39.031 103.125 164.031 280.468 400.625 475.656 729.312 753.812 1068.187 1154.750 1188.062 1190.156 1196.218 1214.031 1232.593 1285.500 1443.062 1668.968 
