96.843 372.437 1273.343 1429.156 1590.093 1628.437 1681.312 
68.500 337.437 343.156 663.500 929.625 1102.468 1242.406 1585.468 1869.812 
869.343 1236.906 1246.718 1588.437 1697.218 
39.156 39.500 40.968 50.906 79.687 91.750 98.437 178.656 309.031 363.312 402.687 556.312 773.781 977.843 1175.125 1243.093 1249.687 1289.500 1576.531 1623.656 1756.593 1869.187 
39.937 81.125 99.937 109.218 114.593 339.062 507.531 563.781 660.468 968.125 978.000 1136.218 1172.343 1195.093 1223.250 1444.437 1577.000 1585.343 1637.625 
12.218 68.593 82.281 312.937 970.781 977.093 1147.875 1171.812 1211.968 1212.281 1246.437 1429.375 1634.312 1974.437 
35.500 68.437 314.093 372.187 394.500 496.156 797.375 902.625 921.062 928.281 1209.875 1219.531 1261.062 1419.625 1577.562 1591.625 1636.812 1683.343 1955.812 
40.250 61.343 107.062 307.593 645.250 773.250 978.156 1172.187 1175.843 1259.218 1419.531 1452.093 1557.656 1580.468 1589.187 1591.093 1621.656 1682.093 1756.750 1869.375 
44.562 68.687 83.156 179.406 373.593 545.187 562.312 774.375 781.562 1294.250 1444.500 1478.468 1550.156 1555.593 1568.937 1592.531 1850.343 1862.000 1868.937 
94.093 238.937 359.968 544.281 921.375 1154.875 1288.000 1592.750 1620.718 1637.562 1695.437 1756.781 1792.656 
