161.250 293.500 872.031 960.593 
362.500 422.218 841.375 1018.687 1026.875 1225.343 1262.812 1349.031 1781.906 
39.125 157.406 243.656 270.656 358.531 377.437 393.500 395.187 432.156 538.281 659.375 838.656 872.093 1006.656 1011.718 1215.406 1264.218 1317.093 1377.187 1578.750 1777.843 1780.312 1848.843 1873.312 1905.750 2355.468 2356.562 2359.656 2361.812 
112.000 127.968 173.468 270.875 350.406 396.156 661.250 738.500 825.343 833.750 1007.812 1028.375 1254.656 1607.000 1848.406 
39.500 68.312 130.312 151.125 162.000 173.625 180.062 202.000 395.593 422.718 834.406 1012.312 1185.593 1579.375 1780.125 1784.468 
111.000 293.343 313.718 382.750 478.156 841.375 916.937 983.687 1014.343 1039.125 1255.843 1335.531 1349.187 1508.562 1619.218 1779.562 1849.750 
165.375 255.531 283.031 312.937 384.812 395.281 731.843 1223.656 1248.531 1351.093 1776.781 
116.968 161.625 345.000 373.906 410.468 564.062 698.968 854.500 902.593 1015.968 1218.437 1264.781 1391.343 1607.031 1651.781 1871.281 
134.781 153.812 188.531 313.187 407.093 426.156 735.843 790.281 827.406 977.437 1345.812 1779.531 1780.187 
151.250 243.312 297.187 334.468 337.187 415.250 1011.937 1028.312 1195.125 1263.125 1272.000 1500.875 
