323.843 325.187 334.968 346.125 1058.718 1249.593 1812.437 
291.781 305.281 312.687 548.625 828.375 1065.031 1225.031 1243.093 1870.187 
213.937 249.000 496.500 911.031 1135.968 1185.156 1224.687 1388.968 1397.187 1686.687 
226.468 321.093 325.406 343.593 545.625 583.562 829.093 1182.843 1420.906 1429.343 1695.093 1795.125 
275.093 332.312 344.781 459.093 533.375 556.468 789.468 1019.218 1055.406 1066.156 1068.281 1105.281 1161.187 1238.656 1241.000 1412.343 1708.250 1718.031 1781.531 1860.625 1876.968 
282.718 304.531 323.062 352.406 466.125 487.250 500.000 653.593 759.937 789.718 988.812 1012.281 1067.468 1307.812 1521.437 1645.062 1695.218 1782.656 1796.437 
246.281 332.218 473.718 493.156 567.093 601.750 1019.375 1032.187 1159.812 1185.968 1249.750 1255.687 1729.437 
204.281 225.437 253.875 332.718 787.437 858.156 881.218 1213.718 1461.312 1796.031 1820.156 1834.343 
205.968 467.906 484.437 500.843 525.437 558.843 567.562 631.187 990.031 1018.781 1050.781 1174.375 1244.093 1308.812 1405.437 1657.125 1822.718 
275.250 308.000 337.843 490.406 828.343 870.031 1066.750 1095.437 1156.687 1192.375 1265.375 1310.156 1401.187 1813.125 1887.000 
