15.656 32.750 349.937 877.468 916.312 1062.437 1482.406 1549.593 
46.656 350.718 
80.718 93.843 359.500 861.500 1463.187 1674.437 1890.343 
17.625 99.718 118.437 182.937 701.062 701.468 832.593 957.437 1277.437 1832.375 
24.156 33.406 231.437 328.468 703.031 752.562 796.000 857.593 916.812 950.312 1347.312 1361.781 1581.531 1830.968 1875.031 1889.968 1895.250 
26.875 32.500 38.187 45.312 75.750 166.406 348.468 378.281 386.125 419.718 427.093 625.718 786.218 856.937 1155.281 1202.593 1284.406 1506.781 1551.718 1875.125 1983.125 
31.937 94.687 181.562 189.468 273.750 305.062 314.937 465.625 855.187 881.906 949.218 1154.875 1202.468 1370.937 1463.500 1522.125 1675.062 1724.781 1839.437 1875.437 
33.593 49.906 166.406 199.812 767.718 795.812 1056.593 1206.718 1276.312 1287.406 1506.906 1583.750 1892.343 
45.937 111.718 117.281 190.718 327.625 880.031 1062.968 1203.562 1479.062 1507.000 1545.718 1657.562 1841.375 1887.843 1909.375 1919.750 
25.218 32.625 167.500 257.843 412.687 628.468 742.062 782.156 1066.000 1119.437 1478.968 1534.687 1640.031 1810.062 1856.500 1890.875 1898.468 
