1582.031 1940.906 
313.062 475.125 831.875 938.468 991.750 1129.718 1562.593 1687.218 1939.125 
58.968 1141.718 
65.718 171.656 301.062 392.000 594.375 682.531 1018.843 1111.906 1124.187 1348.062 1390.093 1436.750 1456.312 1664.656 1904.781 1932.437 1939.281 1947.906 
51.906 52.218 118.250 147.406 149.500 152.812 327.031 574.093 579.750 580.375 799.343 949.875 1019.343 1141.843 1143.593 1234.531 1360.687 1390.156 1436.750 1455.000 1539.312 1689.687 1694.687 
52.906 57.781 65.156 65.718 156.812 280.656 598.281 694.312 747.343 950.218 1009.312 1044.718 1089.937 1157.406 1347.750 1389.187 1404.593 1460.281 1564.125 1587.187 1693.687 1695.062 1888.781 1937.531 
145.687 157.093 282.906 310.812 311.656 476.218 545.781 972.781 993.906 1237.000 1389.375 1430.562 1438.031 1688.000 1693.031 
39.781 293.250 312.875 416.906 595.593 981.000 1030.375 1370.562 1401.562 1580.718 1644.562 1686.937 1688.250 1812.000 1857.812 1951.812 
71.468 301.500 474.906 577.718 1112.687 1388.656 1580.937 1582.250 1942.843 1951.468 
51.906 211.968 301.593 383.031 389.468 390.750 825.031 977.281 977.625 1430.375 1431.250 1442.468 1566.781 1580.093 1901.593 1936.593 1940.687 1951.187 
