14.187 17.156 56.750 208.437 316.968 878.937 1079.406 1767.250 
2006.500 
17.187 161.281 869.468 1191.437 1997.156 
16.562 18.093 42.812 56.781 160.187 204.875 213.843 441.312 517.312 556.625 784.406 784.781 910.656 920.031 1007.750 1038.656 1068.125 1163.281 1181.718 1303.968 1361.375 1491.406 1627.062 1754.031 1799.937 1980.093 
47.656 199.437 440.687 827.593 873.718 909.562 928.312 1142.531 1171.968 1172.281 1188.781 1482.406 1504.718 1756.312 
26.593 191.312 462.281 792.843 861.906 875.875 892.968 917.750 930.406 1498.750 1502.031 1505.437 1628.250 1644.062 1719.593 1767.750 1839.406 
14.000 47.781 159.968 170.781 325.968 441.125 471.812 834.343 865.718 874.750 896.250 916.343 1142.937 1185.406 1729.656 1746.656 1755.687 1768.843 1780.968 
14.031 182.375 192.375 199.781 308.125 332.656 471.500 736.843 855.812 868.468 897.500 906.000 1007.750 1069.406 1176.843 1309.125 1361.687 1758.437 1766.687 1772.875 1839.812 
26.093 160.000 191.062 197.843 442.031 851.875 892.187 1078.562 1189.343 1902.312 
13.062 21.406 25.718 29.937 48.968 78.187 311.156 657.343 683.062 867.968 1068.656 1154.718 1191.312 1628.656 1781.437 1822.781 
