221.781 350.375 359.468 390.125 797.187 
246.031 276.968 323.750 818.562 1164.718 1878.312 
220.687 227.468 253.375 797.343 808.718 1400.468 1539.812 1546.875 1743.406 1961.312 
264.968 331.375 332.531 388.968 523.968 782.218 896.500 916.187 1031.062 1154.156 1559.625 1707.187 
97.437 273.468 356.312 369.625 1060.781 1424.562 1536.687 1572.437 1849.000 1963.093 
99.875 338.687 348.750 369.093 1067.437 1368.750 1543.843 1548.281 1955.031 
249.750 337.718 357.093 368.687 536.968 1121.312 1549.656 1567.718 1582.625 1963.000 1981.406 
85.093 122.218 254.562 461.312 743.031 922.093 1041.375 1387.875 1400.750 1542.562 1565.562 1768.062 1962.937 1979.343 
17.656 235.093 351.156 359.781 371.625 1381.093 1386.000 
18.781 32.968 97.875 227.031 255.781 646.281 920.906 1400.187 1543.750 
