182.562 827.031 1841.062 1881.281 1896.500 
60.406 1593.375 1894.562 
22.468 23.031 85.718 178.062 183.468 362.312 638.593 794.562 879.093 880.875 1202.031 1266.718 1267.531 1283.750 1285.000 1305.343 1600.031 1860.000 1941.156 
45.968 134.968 141.312 157.468 172.968 184.156 370.312 379.906 604.562 630.718 658.531 770.968 1006.531 1030.687 1209.406 1262.218 1268.375 1496.281 1960.468 
71.625 177.000 458.687 490.500 547.500 683.562 877.656 1021.062 1282.906 1307.437 1329.843 1510.781 1600.687 1713.875 1886.656 1924.625 1968.000 
24.656 60.718 70.562 134.968 143.625 165.062 175.625 350.156 1283.781 1892.468 1942.187 1961.093 
41.656 56.812 69.906 76.093 140.656 149.656 157.781 490.906 796.468 797.718 887.250 1021.625 1101.125 1262.875 1310.687 1495.906 1524.937 1534.718 1587.437 1601.437 1926.062 1957.906 
56.781 69.218 86.687 449.937 492.937 1302.875 1420.125 1495.687 1908.437 
18.968 77.468 183.968 362.031 375.750 606.218 674.656 788.156 794.593 1033.500 1326.781 1380.593 1580.281 1585.250 1602.125 
90.500 182.656 194.812 549.343 639.281 794.531 1031.156 1110.281 1283.281 1286.000 1304.250 1365.562 1543.468 1600.718 1901.125 1945.781 
