108.156 628.906 740.031 1354.750 1738.531 
69.812 599.781 1337.656 1445.718 1771.843 
10.843 292.062 329.093 605.312 1025.843 1688.687 1851.281 1948.281 3295.687 
10.156 16.937 45.375 45.812 52.968 57.093 62.593 439.562 638.625 878.406 1025.843 1337.968 1408.843 1696.531 1702.906 1749.656 1936.562 1948.062 
44.093 50.562 54.875 80.875 91.093 328.656 356.687 486.250 506.250 662.781 680.562 1446.562 1686.375 1701.500 1860.656 1880.218 1937.750 1985.125 
13.562 44.437 256.937 319.531 404.437 602.812 660.718 683.218 702.937 712.187 868.093 1390.343 1701.500 1701.968 1744.656 1875.781 
52.312 60.250 255.125 462.937 464.906 530.812 681.187 839.687 940.093 1035.031 1405.531 1415.500 1658.500 1867.843 
17.875 63.125 282.125 412.625 485.343 527.562 682.906 1040.468 1569.750 1690.531 1713.593 
51.687 52.000 109.343 127.531 194.593 275.281 426.781 675.312 726.343 1721.812 1860.218 
51.968 88.468 90.468 839.593 851.562 866.656 1001.812 1561.187 1678.875 1745.125 
