40.843 158.187 1138.750 1751.812 
38.187 43.062 60.718 134.187 408.125 733.000 1701.093 1738.937 1942.156 
48.218 805.718 1273.593 1683.750 1737.250 
47.093 269.156 389.218 573.156 688.875 703.718 804.875 811.875 1042.656 1074.031 1107.375 1330.093 1428.187 1684.468 1754.437 1872.843 1971.843 
26.500 38.968 64.843 240.562 654.218 733.468 1072.781 1077.843 1086.843 1110.625 1128.531 1130.062 1554.656 1586.812 1865.312 1930.625 
54.656 70.156 232.562 278.375 315.937 818.937 954.843 1060.593 1107.406 1136.093 1265.125 1337.468 1410.500 1544.656 1730.250 1876.156 
44.156 316.843 407.312 418.625 435.656 446.375 662.687 684.281 697.468 708.156 723.812 750.593 1129.062 1139.312 1451.937 1553.593 1614.843 1685.187 1740.437 1939.031 1947.156 
27.406 45.968 69.125 282.250 315.406 437.000 442.843 1049.531 1072.656 1409.437 1459.750 1534.281 1935.906 
38.531 65.437 135.031 247.187 571.343 627.312 756.625 830.187 924.187 964.187 964.812 1040.468 1056.343 1062.343 1093.781 1139.812 1707.500 1745.750 1937.312 
26.187 38.562 56.375 67.843 190.343 241.250 333.312 400.312 436.281 473.406 568.156 572.718 627.687 678.531 812.812 1061.843 1129.593 1265.281 1512.531 1863.437 
