15.781 15.968 60.000 459.000 865.562 1189.343 1355.468 1721.312 1917.718 
33.218 77.281 680.031 741.968 854.312 1041.906 
16.093 455.000 679.781 690.562 1338.343 1486.750 1607.312 
15.468 18.218 34.781 52.718 53.281 55.218 79.593 141.906 450.750 678.812 691.031 745.812 1079.312 1207.187 1225.093 1503.125 1606.000 1612.187 1779.406 1804.593 1925.437 1930.375 1931.906 1941.687 1965.937 
47.875 49.250 59.937 66.937 93.500 210.250 348.750 520.562 679.656 717.500 1071.656 1072.343 1196.593 1338.156 1351.312 1620.656 1722.718 1805.875 1853.125 
15.625 17.312 37.000 78.937 87.562 100.968 203.000 442.562 690.250 735.875 743.937 764.812 879.000 995.031 1041.093 1049.500 1054.812 1071.250 1181.093 1286.906 1350.937 1481.812 1502.656 1582.437 1636.125 1677.093 1918.437 1967.562 
36.781 47.281 77.281 463.812 680.343 835.750 865.937 979.625 994.500 1048.500 1167.437 1198.312 1203.968 1248.187 1345.562 1484.468 1505.375 1582.281 1605.687 1795.031 1806.031 
15.875 38.437 45.750 51.875 59.593 81.593 86.343 348.031 437.906 457.031 697.375 726.187 746.093 764.468 856.937 1042.437 1049.062 1073.187 1262.156 1502.937 
15.687 61.500 79.625 329.906 346.843 666.218 680.437 690.656 746.750 1049.406 1072.968 1172.281 1195.718 1248.906 1338.218 1471.437 1925.937 1936.281 
25.656 32.437 66.375 107.000 131.437 436.937 502.312 757.687 759.187 878.125 1206.937 1248.437 1339.000 1580.593 1927.406 1965.750 
