99.281 321.500 576.218 620.375 892.750 1514.968 
49.656 112.500 578.250 662.062 1520.187 1609.343 
50.406 108.218 863.750 1265.468 1438.781 1730.812 
779.687 916.906 943.875 1006.906 1040.062 1052.843 1282.062 1514.281 1520.562 1579.718 1595.500 1607.312 1734.062 1991.437 1991.843 
49.593 101.250 598.062 618.906 648.250 938.250 948.875 1008.812 1148.937 1593.875 1597.875 1898.875 1964.906 
31.562 50.562 100.531 116.437 139.468 460.281 578.250 604.343 646.375 698.843 1160.656 1597.656 1643.906 1826.187 1870.687 1985.468 1992.531 
36.562 99.968 330.781 543.468 939.812 1009.812 1140.687 1483.437 1485.156 1502.437 1606.281 
49.718 68.281 136.000 146.968 331.843 603.531 947.781 1039.750 1166.625 1265.812 1412.406 1992.781 3724.406 3725.843 
57.312 100.656 208.750 468.093 564.812 612.875 642.750 864.093 896.125 939.781 947.656 1010.531 1168.593 1513.843 1520.375 1752.062 1793.218 1870.906 
146.875 229.093 575.781 597.468 1008.843 1033.656 1076.187 1286.218 1418.468 1729.156 1757.406 1891.187 1992.062 
