13.375 29.968 39.343 428.656 664.562 1629.031 
43.000 51.125 60.031 717.812 738.312 1324.656 
25.937 90.000 165.625 185.531 967.250 1325.812 1553.625 
39.562 43.500 63.906 86.687 185.187 429.312 827.000 898.156 959.843 978.281 988.093 1282.093 1675.625 1737.062 
28.281 29.343 33.406 74.062 165.500 225.375 379.531 671.437 874.062 895.468 956.187 976.312 1091.625 1276.843 1325.531 1553.500 1610.000 1649.531 1707.156 1769.718 
10.250 14.875 25.187 31.687 37.125 37.781 49.937 421.156 438.375 511.468 886.625 893.343 960.812 1090.437 1278.531 1286.750 1325.187 1339.906 1411.812 1499.062 1555.281 
49.968 57.968 380.375 875.000 896.156 966.125 1069.531 1118.093 1260.187 1279.281 1394.687 1556.062 1634.656 1720.125 1734.218 1752.562 1798.906 1815.187 
11.031 12.312 17.093 61.000 186.125 426.937 471.500 747.187 748.281 961.218 1310.625 1339.062 1376.437 1414.718 1495.781 1733.906 
30.156 32.531 46.812 47.968 49.125 84.218 396.500 511.687 875.062 877.031 907.000 930.406 1246.437 1410.843 1630.468 1647.687 1684.468 1705.125 1940.125 
13.125 27.812 28.000 41.187 79.187 85.000 154.593 396.406 436.156 508.812 708.750 930.156 949.656 1246.531 1325.875 1411.781 1512.937 1580.656 1788.281 1797.281 1947.687 
