19.937 308.968 1956.656 3184.656 3187.906 
32.750 57.718 75.468 295.781 422.218 1231.000 1743.375 
38.093 75.656 81.687 276.593 524.281 559.093 647.937 995.281 1007.750 1076.937 1957.468 1959.750 
130.031 267.687 286.500 422.031 628.562 668.062 758.250 1260.750 1363.625 1735.875 1798.250 1910.718 
31.531 38.937 67.687 81.812 122.812 163.687 197.968 202.562 281.718 285.875 352.343 531.875 611.343 616.343 645.625 647.562 657.625 720.250 937.406 1223.281 1229.093 1239.406 1609.000 1893.468 1938.156 
21.437 74.906 638.468 745.343 972.562 1004.250 1268.312 1365.187 1614.656 1911.500 1941.687 
54.406 84.937 294.968 295.812 308.437 524.500 701.875 715.812 737.875 793.468 1524.656 1743.062 
19.906 342.187 448.375 542.875 1077.250 1151.687 1735.750 1751.968 1949.156 
21.500 82.125 151.468 260.375 295.031 627.906 1706.187 1940.437 
74.968 75.593 275.312 510.750 645.781 666.187 667.812 719.593 876.718 1019.031 1971.156 
