144.875 1836.781 1948.187 
236.187 823.281 1185.500 1206.625 1671.906 
329.843 876.875 1319.031 1651.218 1958.593 
103.250 131.875 712.500 738.000 794.500 893.062 1081.531 1091.375 1235.843 1325.312 1628.375 1658.531 1927.500 
102.500 224.937 254.687 788.906 1436.125 1651.125 1665.812 1768.656 1824.000 1826.156 
121.750 223.812 258.750 330.281 877.468 1142.750 1569.250 1649.906 1671.781 1818.218 1857.968 1956.750 
145.437 222.250 235.437 347.187 736.187 801.531 1048.437 1183.812 1242.625 1618.125 1650.468 1673.187 1699.531 1852.375 1928.625 
102.375 153.156 237.687 251.750 726.750 875.718 1101.468 1198.281 1539.281 1569.906 1643.531 1843.156 1957.718 
121.093 241.406 392.000 539.250 1103.156 1137.593 1183.875 1581.250 1806.656 1824.843 1957.437 
122.125 504.343 518.093 564.781 736.843 789.312 1157.343 1268.062 1598.156 1646.687 1652.906 1835.906 
