120.406 183.593 306.781 405.250 660.718 808.312 1652.468 1824.062 1851.656 1926.812 1972.218 
126.281 234.125 258.000 264.625 306.750 307.906 308.093 319.906 406.937 1151.437 1186.156 1591.093 1834.156 1842.312 1852.531 1915.218 
108.406 257.750 402.562 533.437 674.843 1671.218 1761.750 
88.812 964.906 1154.875 1457.468 1775.218 1931.250 
155.906 217.968 496.937 911.468 916.625 1007.531 1191.281 1673.718 
135.406 181.000 190.781 252.562 402.375 468.281 528.062 575.093 603.500 963.031 979.812 982.937 1008.312 1779.781 1828.500 1931.375 
202.250 254.437 256.125 474.343 1082.656 1559.437 1654.593 
137.531 290.343 320.406 376.625 605.093 856.468 965.437 1295.062 1930.375 
-1202.282 598.593 808.625 872.781 889.656 970.562 981.875 1137.156 1428.593 1549.906 1877.750 
276.812 574.468 1327.187 1434.250 1437.000 1653.625 1766.187 1830.312 1831.343 1938.093 
