37.500 45.468 74.125 114.187 420.531 441.687 593.281 1074.593 1377.687 1683.500 1692.625 1712.593 
140.031 180.562 396.000 610.250 729.625 1321.437 1485.343 1564.468 1819.531 1968.343 
425.812 1402.500 1441.562 1483.468 1691.500 1860.531 
21.937 172.781 183.843 185.906 397.437 861.000 925.906 1179.656 1341.656 1693.218 
46.468 126.125 346.968 347.437 381.343 835.593 878.062 1290.000 1762.062 
18.968 97.343 185.062 434.500 544.406 1819.281 
184.718 347.281 486.968 515.906 1824.125 
63.937 96.218 97.218 184.156 1341.625 
159.875 1290.000 
592.937 658.406 1906.062 
