87.125 96.125 204.781 287.812 307.218 442.312 476.718 753.000 753.406 892.750 971.531 1104.468 
20.281 86.500 96.687 183.312 296.593 829.312 961.875 1071.937 1104.468 1206.312 1206.593 1220.125 1398.312 1506.656 1719.812 
84.656 95.156 98.781 827.593 875.843 893.031 1666.625 1726.593 
149.031 155.250 155.812 282.531 442.656 1318.093 
240.812 313.375 452.968 1374.437 1497.281 1816.375 
477.781 495.218 523.500 613.812 875.343 1041.125 1100.593 1416.156 1750.343 
15.781 32.531 133.468 155.718 202.500 206.500 355.812 534.468 677.437 
224.468 785.531 895.187 1104.906 1241.437 
70.468 663.593 962.187 977.062 1037.187 1981.562 
27.906 615.343 1074.312 1406.218 
