12.406 17.500 30.031 43.062 43.781 61.031 117.375 121.468 127.593 178.437 204.875 206.968 319.437 421.500 560.281 722.093 738.437 994.250 1265.125 1305.875 1550.187 1631.375 1657.437 1695.281 1737.281 1756.250 1973.625 
113.593 178.031 227.937 343.468 560.156 941.500 1335.218 1340.281 1341.031 1394.875 1525.187 1753.312 1925.843 1942.687 
72.281 116.031 199.593 222.312 234.562 286.531 318.781 326.406 513.593 627.812 710.281 775.718 853.031 1457.218 1907.531 
37.937 86.375 117.312 868.781 1055.968 1656.875 1843.906 1870.343 
35.875 71.406 329.781 424.031 451.750 693.468 748.906 1112.687 1213.250 1345.843 1457.687 1714.718 
20.812 70.437 129.093 228.312 551.937 630.437 722.156 822.312 1151.343 1328.156 1584.750 1846.750 1953.468 
63.343 82.875 108.875 284.906 476.656 662.531 1168.781 1240.625 1286.281 1605.187 1870.156 
62.656 68.906 287.125 332.625 973.812 1043.781 1272.718 1682.343 1684.750 1688.531 1881.406 1972.187 
63.875 64.125 70.937 117.718 145.000 252.031 286.593 335.750 476.125 989.375 1298.375 1304.406 1368.781 1723.531 1868.000 
-1862.375 63.562 127.218 204.937 231.781 332.593 513.343 854.031 1284.781 1417.406 1637.406 1812.500 1955.250 
