36.000 117.906 1132.906 
70.000 101.343 124.625 197.250 198.250 211.718 215.968 392.875 679.968 854.000 1057.531 1303.093 1367.281 1700.218 1957.718 
101.906 608.656 1156.218 
179.781 210.375 668.750 1318.781 1575.718 1660.062 
17.062 85.843 113.468 530.312 859.312 1624.625 1928.375 1971.968 
69.656 248.156 1249.906 1876.000 
101.187 109.812 113.375 124.875 170.031 336.875 387.218 533.156 1019.156 1024.937 1170.343 1193.812 1872.781 1955.031 
69.750 75.250 219.531 244.500 292.625 296.875 392.625 482.250 568.593 679.718 1957.531 
216.062 223.656 1239.375 1971.750 
424.062 502.531 1947.187 
