29.000 63.187 105.187 117.593 134.156 156.968 197.531 214.593 256.781 312.750 342.375 359.062 500.875 995.125 1852.125 
50.687 52.812 325.937 358.875 406.906 433.656 829.187 970.250 1068.593 1258.937 1284.625 
218.781 257.562 423.843 617.343 1337.500 1613.812 
51.250 69.562 257.906 353.500 411.781 432.718 468.562 737.625 938.187 956.625 1186.843 1270.687 1454.187 1622.812 
53.250 227.875 629.218 955.906 1384.218 1611.968 1973.687 
53.906 131.562 267.718 685.656 806.156 977.937 1124.625 1269.062 1308.687 1504.281 1611.156 1876.968 
12.843 22.781 98.125 99.281 118.750 210.406 313.937 730.156 819.437 842.687 893.125 902.437 1225.218 1411.906 1422.062 1588.500 1852.750 1855.562 
433.375 1176.562 1574.750 1718.625 1974.437 
359.343 375.750 478.781 969.875 1245.437 1427.187 1659.656 1675.281 1852.187 1918.437 
437.656 491.687 912.500 1385.031 1810.031 
