48.375 115.843 206.062 758.437 1117.562 1646.625 1789.000 1831.781 1957.062 
371.468 472.781 690.812 850.156 979.906 1016.312 1222.843 1404.531 1417.281 1482.750 1547.187 1590.687 1656.812 1837.187 1909.843 
17.625 48.218 271.406 307.000 307.906 484.937 552.406 888.968 1244.343 1386.281 1419.625 1482.250 1546.031 1680.562 1786.187 1891.843 
49.250 405.656 410.937 729.687 934.718 957.531 
337.125 350.937 405.625 607.531 695.062 890.218 917.031 955.000 980.906 1055.281 1082.656 1084.687 1223.750 1749.812 
134.843 201.843 656.250 935.281 962.281 1025.125 1189.843 1481.437 1658.125 
139.343 186.812 826.125 1232.312 1496.250 1596.718 1976.812 
726.218 1114.187 1232.250 1481.156 
136.437 317.937 651.125 660.562 825.468 996.562 1015.593 1114.156 1266.906 1352.437 1465.718 1528.875 1652.000 1724.343 1873.906 
134.843 158.125 188.656 481.062 749.718 1241.562 1302.625 1469.593 1510.093 1657.625 1789.000 
