114.250 121.812 297.125 299.750 415.343 494.000 621.406 658.343 699.218 944.000 1199.187 1231.656 1624.718 1969.812 
13.968 15.062 71.000 281.406 341.125 356.531 479.406 771.625 1015.906 1046.562 1274.000 1367.468 1481.906 1527.781 1628.281 1850.656 1895.968 1971.187 
12.125 44.000 298.656 298.937 479.125 755.031 809.125 1337.687 1718.656 
12.187 71.750 122.375 191.718 216.718 282.531 357.656 505.312 511.781 773.718 874.718 1166.156 1166.656 1576.156 
209.625 358.062 363.312 396.875 439.187 608.062 754.812 906.437 1069.156 1414.437 1526.437 1642.968 1721.500 1746.781 1767.281 1894.968 
16.250 132.250 164.062 283.625 357.625 360.812 368.875 399.000 658.093 803.625 1109.531 1265.250 1464.250 1607.250 1783.875 
584.312 823.687 1410.656 1455.937 
72.312 483.156 1349.968 1409.437 1747.218 1906.156 
299.343 376.562 821.031 1247.031 1608.375 1726.031 1827.968 
183.812 195.812 223.031 360.312 804.218 1456.093 1725.437 
