34.500 341.281 667.718 722.281 1316.250 
112.875 186.062 450.718 536.375 856.531 1983.281 
113.562 291.187 340.562 529.812 1306.687 1812.187 
83.781 180.343 190.625 279.218 302.593 386.500 584.843 633.125 759.906 783.093 1017.906 1110.687 1556.281 1575.687 1636.968 1681.281 
341.781 362.375 532.406 1248.812 1440.312 1671.343 1858.000 
89.968 240.125 258.218 341.843 344.343 499.593 517.906 537.281 680.125 889.000 1029.218 
171.437 362.062 530.468 554.125 1101.906 1992.718 1997.375 
71.187 82.531 135.718 1433.218 1624.312 
36.093 64.562 1312.062 1432.656 1813.375 1849.125 
104.437 131.187 278.312 342.312 526.031 767.093 1248.968 1250.156 
