30.937 67.250 85.406 119.843 157.031 164.375 179.843 237.875 313.093 372.593 618.562 747.656 949.968 1002.812 1156.343 1589.468 1817.375 
31.406 81.437 126.593 156.062 200.406 429.968 610.125 614.562 1116.562 1413.000 1460.375 1957.125 
36.625 65.843 610.281 803.625 975.312 1124.312 1655.062 
38.187 80.687 382.062 512.781 802.375 803.500 818.093 1080.093 1404.937 1528.750 1712.031 1945.281 
33.625 224.781 267.750 333.687 485.625 818.937 821.968 1061.187 
81.781 1182.312 1621.093 1789.968 1845.218 
142.000 235.250 333.468 891.937 1003.906 
196.281 611.937 877.093 896.031 1080.312 1417.375 1418.593 
283.406 426.500 612.718 803.531 804.812 1790.968 1925.937 
325.093 1807.125 1922.281 
