271.000 447.937 540.656 636.218 719.562 854.500 970.937 1036.187 1106.093 1137.625 1190.656 1724.625 1755.593 1926.500 1978.718 1996.562 2011.656 
91.343 415.000 449.781 532.625 599.406 616.093 802.906 828.500 856.031 979.843 1021.593 1061.281 1063.656 1116.250 1919.500 1920.906 
92.625 102.906 560.031 599.375 775.250 883.031 1047.187 1053.656 1643.562 1918.625 1986.593 2002.625 
79.906 614.843 802.593 1097.312 1121.781 1122.468 1973.687 
450.625 645.593 775.500 790.906 1062.843 1189.437 1665.031 1910.531 
273.718 599.906 614.000 803.343 826.125 832.125 1091.937 1132.500 1583.968 1903.343 1983.968 
88.562 449.250 1193.281 1662.500 1923.531 1981.968 2044.968 
58.375 90.187 243.593 614.250 647.093 1352.031 1747.531 1962.812 
775.000 940.156 1672.656 1714.375 1755.718 1963.187 1981.062 
274.250 768.406 803.500 849.843 991.687 1092.000 1115.968 1934.000 
