69.031 198.812 320.031 324.437 341.968 353.593 491.062 718.656 743.281 816.500 1498.531 1779.281 1868.593 
317.718 356.625 391.937 419.093 695.906 820.843 1103.437 1463.031 1602.343 1668.656 
78.375 694.750 809.062 1007.218 1045.406 1486.312 1497.750 1665.843 1921.781 
46.781 70.937 94.531 291.156 352.781 485.625 696.625 697.750 859.750 996.500 1290.656 1303.625 1485.156 
482.937 747.562 1259.531 1668.718 1875.406 
79.750 100.218 485.031 679.718 748.875 861.937 1240.687 1682.312 
47.937 90.718 629.562 643.968 695.968 875.187 970.156 1264.562 1392.593 1465.781 
32.312 81.750 97.781 697.093 1372.406 1410.468 1465.593 1884.500 
659.687 674.000 891.718 1255.281 1760.718 
822.406 967.531 
