46.125 46.500 51.343 67.593 123.312 207.437 228.875 365.937 608.937 721.875 1173.468 1220.125 
50.750 441.250 462.656 529.437 1046.843 1047.312 1136.156 1372.625 1436.375 
238.406 580.468 661.093 1196.843 1300.875 1355.000 
88.281 118.968 122.781 381.156 448.843 535.906 639.593 737.875 1049.062 1212.843 1759.906 
75.312 84.593 96.968 109.750 115.281 441.187 523.218 523.468 539.718 1483.750 
538.312 708.500 1436.031 
96.875 188.250 456.812 522.125 1228.250 1555.968 1745.781 
95.375 778.312 1047.437 
40.000 94.218 527.468 1149.875 
93.343 539.781 
