49.875 57.062 58.750 62.843 77.187 93.562 172.031 178.093 182.937 186.406 206.218 228.687 304.125 315.562 354.218 437.125 447.406 672.156 804.500 835.750 928.406 939.250 972.312 985.093 1015.843 1209.781 1220.656 1382.968 1438.593 1597.062 1766.781 1767.062 1997.937 2069.312 2079.750 2104.312 2124.593 2260.000 
53.000 97.125 174.187 183.593 186.437 459.187 901.406 948.937 1062.750 1439.062 1449.093 1893.187 1965.968 1997.531 1997.781 2259.312 2343.093 
66.156 97.031 304.781 328.187 374.843 849.781 1023.468 1209.906 1707.218 1759.031 1773.906 1790.125 1947.562 2298.375 
207.781 314.906 684.281 684.812 706.906 803.906 855.062 1738.625 1965.406 2058.437 2164.250 
31.718 929.968 1039.718 1051.062 1633.687 1719.968 1764.500 2078.062 
382.687 932.500 1290.968 1758.093 1968.343 
35.562 39.656 87.656 92.062 714.843 1006.093 1134.187 1965.875 2052.062 
989.656 1038.968 1660.187 1702.812 1722.343 1929.250 
99.343 1629.750 1965.562 1966.343 2039.125 
61.437 207.562 1039.031 1288.781 1707.312 1920.718 
