66.062 189.531 699.000 852.468 953.156 962.500 1080.062 1119.250 1165.187 1501.375 1612.062 1655.000 1660.281 
65.343 596.718 774.656 950.031 1098.250 1665.125 1666.125 1903.343 1954.906 
21.781 71.562 189.375 342.218 473.406 751.281 777.343 810.937 828.750 846.031 863.250 867.875 948.437 1118.656 1121.250 1139.125 1312.218 1503.687 1552.093 1617.593 1895.625 
84.312 86.906 182.031 291.312 782.093 863.281 1100.093 1368.656 1900.906 1908.343 
57.125 652.093 822.375 830.437 870.281 948.906 1594.812 1666.968 1896.625 
294.906 773.843 791.718 851.062 1111.218 1372.531 1657.093 1685.156 
85.093 176.312 181.312 475.718 629.406 892.593 1089.187 1115.937 1140.125 1425.625 1572.093 1668.312 
72.187 763.781 1131.843 1511.375 1618.062 1884.687 1900.531 
587.906 788.531 867.468 884.437 933.000 1075.156 1371.125 1582.312 1584.312 1620.468 1622.781 1660.062 1665.875 1668.250 1894.250 1895.843 
36.781 717.750 720.093 872.031 875.218 1312.843 1665.656 
