47.656 66.250 73.937 338.500 861.937 890.875 1237.906 1641.937 1831.437 1836.781 2216.375 2236.531 
42.406 458.187 483.031 504.718 698.093 891.031 1238.531 1248.031 1362.562 1550.625 1592.781 1998.375 2137.750 2211.781 2358.000 2445.281 
67.343 81.531 470.343 511.500 697.500 1215.843 1217.250 1330.437 1364.125 1447.031 1585.468 1696.750 1973.687 1983.937 1988.718 2082.937 2119.062 2120.718 2366.468 
70.218 340.500 1187.656 1452.843 1638.125 2180.000 2214.125 2301.781 2477.593 
49.218 68.375 597.031 696.281 963.843 1243.031 1284.312 1342.125 1691.656 1710.312 1984.937 1987.781 2038.468 2202.468 
63.875 889.031 1204.843 1219.781 1231.687 1973.093 
42.312 61.687 1697.031 1997.937 2352.468 2445.968 2464.250 
1088.593 2039.406 2338.500 
74.437 76.250 83.156 591.031 1215.187 1363.718 1604.968 1606.093 2118.250 2135.468 2300.593 2333.125 
42.812 47.406 400.656 1992.500 2039.375 2134.781 2167.156 
