43.250 61.468 320.156 326.281 341.562 358.375 379.250 549.312 772.656 1369.750 1500.031 1898.906 1903.937 1925.187 2074.968 
384.656 464.250 687.031 768.406 853.406 932.062 974.062 1024.812 1224.093 1349.250 1783.093 
208.625 1087.031 1087.750 1384.093 2075.687 2080.593 
390.156 498.281 510.406 660.468 787.656 1076.875 1496.781 1940.406 2048.593 2106.656 
57.000 70.875 146.718 281.906 390.437 403.906 653.937 899.875 1004.656 1024.656 1088.781 1525.812 
155.218 466.500 470.531 895.750 1042.218 1071.468 1280.062 1542.750 1952.375 2087.781 2113.281 
68.156 180.843 361.187 480.218 658.687 1357.937 1359.781 1528.187 
347.250 723.343 1346.343 1523.656 1627.750 1950.562 2133.875 
156.656 172.937 335.906 902.218 1173.031 1346.500 1384.687 1527.218 2073.906 
897.375 898.875 1540.468 1902.156 
