276.687 525.312 549.718 608.218 618.937 644.281 653.156 800.343 832.156 1001.281 1280.156 1287.937 1629.312 1715.687 1729.437 1898.562 1915.187 2092.843 2202.218 
199.343 543.156 588.531 602.562 613.750 625.000 681.562 787.718 834.312 977.218 1008.500 1050.187 1117.062 1296.000 1573.031 1694.906 1918.031 1953.593 2135.125 
72.312 154.281 319.531 409.437 437.343 487.781 536.531 590.687 631.500 637.031 650.031 682.500 813.187 989.968 1021.843 1329.562 1577.968 1635.625 1732.531 1868.750 2203.750 
420.093 488.406 541.281 542.625 548.093 601.187 805.937 822.562 1672.375 1758.937 1912.531 2061.781 2087.968 
20.125 45.906 278.406 537.968 561.625 562.562 600.375 605.281 605.500 628.750 634.468 641.906 767.937 790.156 851.593 855.968 975.031 980.250 1333.875 1576.875 1616.281 1621.281 1631.625 1683.250 1913.156 2063.906 
325.531 603.843 1886.875 2062.250 
605.656 871.687 1000.093 1210.406 1637.187 2136.812 
195.062 527.156 600.156 859.406 994.187 1001.312 1005.406 1051.000 1133.531 1225.906 1290.156 1963.968 2050.562 2137.500 2221.031 
72.156 149.531 608.062 613.781 646.406 679.968 877.718 989.468 1253.343 1718.468 1758.343 1873.375 1917.562 1957.500 2073.937 2111.781 
539.906 988.312 1677.812 1684.812 1710.531 1757.843 2063.062 2067.531 2081.218 
