284.031 444.000 452.687 683.406 768.875 865.968 884.187 1520.156 1576.687 1727.062 
24.968 32.812 36.093 62.968 134.156 900.281 1326.125 1555.343 1700.468 
54.406 71.000 775.531 776.468 908.843 922.250 1314.312 1368.968 1481.562 1532.343 1658.343 1714.218 
56.687 62.406 425.656 463.812 722.906 930.843 1524.750 1711.156 
699.625 727.406 902.906 1345.812 
55.312 736.843 1658.781 1701.625 1802.375 1939.937 
28.968 690.718 704.593 717.343 1217.468 1488.031 
24.968 362.187 773.937 917.281 1511.937 1520.718 1849.031 
256.156 461.187 669.375 905.500 1153.625 1484.625 1707.906 
49.625 257.000 775.437 
