40.937 49.156 54.531 78.781 181.718 742.562 1179.093 1337.781 1557.906 1687.687 1725.500 1750.125 1914.625 
55.781 69.062 79.812 97.406 184.843 190.656 250.125 252.812 434.468 497.687 663.406 1298.750 1357.406 1896.156 
178.875 325.062 866.218 1146.937 1200.375 
91.343 184.562 594.125 866.468 929.593 1045.250 1340.000 1747.781 1831.968 1907.312 
184.968 1337.250 1745.375 
1756.375 1882.906 
181.906 280.250 740.000 933.562 1140.531 1649.312 1688.156 1755.250 
94.000 220.375 1613.968 
233.000 999.937 1036.468 1340.187 1724.156 1838.593 1909.656 
106.125 182.687 249.343 748.187 1190.906 1341.593 1371.156 
