32.968 64.906 142.468 151.187 233.250 470.468 521.937 540.687 660.250 1117.812 1392.437 1460.687 1711.781 1818.281 1822.062 2002.250 
74.312 164.187 243.093 468.000 1062.218 1175.281 1644.562 1951.250 2035.312 2227.781 
28.031 60.906 73.500 187.656 627.406 994.250 1032.093 1231.156 1461.437 2176.937 2226.562 
358.125 453.125 886.906 1269.375 2000.250 
61.062 74.375 176.406 307.468 391.562 576.218 627.250 723.343 1260.562 1492.437 1847.343 
27.625 53.218 80.750 1040.406 2019.718 2200.781 
542.906 1241.750 1428.750 1818.062 2002.750 2016.968 2019.218 
28.968 185.468 189.343 468.812 478.000 619.562 620.875 733.031 1049.343 1108.531 1172.843 1775.093 1829.593 1832.343 2003.281 2022.718 
61.000 534.593 995.218 1235.531 1947.593 2191.687 
76.406 295.250 785.406 886.406 1819.093 
