21.812 51.750 154.093 154.937 836.687 977.812 994.218 1478.000 1572.718 2018.562 
26.937 643.281 919.218 1215.375 1390.718 1990.593 
37.250 331.875 424.750 708.000 853.343 896.937 908.062 925.687 1785.843 
1393.218 1571.500 2010.937 
53.781 939.718 1372.500 1483.843 1787.812 1831.250 1945.406 2022.718 2078.500 
941.437 1518.468 1764.593 1765.000 1929.750 1955.531 2027.312 2059.875 
438.250 501.843 634.187 686.843 1974.781 2007.375 2017.968 
45.875 977.312 
48.500 853.125 939.093 1077.718 1311.656 1964.625 
645.250 745.031 
