26.406 105.093 143.125 417.781 458.687 473.812 639.375 1276.625 1341.781 1558.312 1629.875 
211.312 226.812 251.125 495.281 635.000 635.562 638.406 648.125 751.437 1040.750 1595.062 
115.812 116.125 347.750 351.875 439.312 885.750 886.250 926.093 967.406 1476.093 1477.593 1599.750 
69.750 309.218 446.968 763.093 927.000 
96.781 108.250 313.875 481.812 999.531 1183.562 1262.531 1295.812 1506.687 1538.875 1582.781 1632.750 
99.531 345.781 456.968 457.312 515.750 632.718 929.468 1187.250 1493.312 1564.906 1577.218 1606.843 
29.437 112.625 118.468 327.406 472.468 500.875 540.718 1181.593 1306.906 1333.375 1491.781 1545.500 1550.218 1582.937 
83.250 116.656 1189.000 1549.968 
-1006.032 259.562 262.250 311.500 313.250 329.593 640.218 651.406 925.187 929.281 1188.343 1353.656 1586.187 
67.187 456.468 456.875 499.468 537.812 740.218 1014.093 1074.406 1077.875 1598.156 
