96.562 314.500 396.968 429.281 588.718 682.812 1244.312 1822.343 2057.875 
316.406 640.375 675.125 818.625 1340.125 1355.718 1931.125 1931.968 2021.281 2045.843 2063.187 
97.187 178.531 293.625 505.375 582.281 648.875 721.687 1332.031 1399.843 1653.281 1678.875 1762.562 1989.812 2111.187 2160.500 
93.312 157.593 543.375 551.250 691.250 989.781 1909.593 2067.625 
40.375 433.437 570.437 639.531 678.531 704.468 1267.031 1273.281 2057.312 
55.656 60.968 74.687 407.968 584.968 606.093 640.468 704.906 1273.406 1329.406 1420.531 2006.156 2012.812 
53.000 641.062 677.000 1338.500 1967.437 1987.531 2030.812 
557.531 571.406 641.750 663.312 981.406 1310.593 1330.250 1396.312 1928.218 1953.937 2139.156 
69.906 544.156 676.062 680.218 1246.156 1278.125 1310.343 1755.843 1905.875 1966.187 2021.062 
1415.531 1908.812 1942.093 
