288.468 712.125 763.750 806.531 844.343 1359.500 1636.281 1872.656 1956.562 
314.031 816.343 969.125 1245.781 1323.531 1331.000 1347.750 1370.187 1371.031 1852.875 1969.968 2018.406 
347.625 482.843 587.343 620.406 677.187 1372.312 1886.531 1899.281 
64.593 67.250 220.343 540.250 1238.250 1488.031 1852.781 
87.718 582.781 598.406 763.375 766.156 1107.593 1370.718 1885.218 
176.625 208.656 464.406 540.000 804.468 1433.343 1680.062 1682.406 
220.437 540.656 558.812 639.718 1370.437 1370.718 1451.906 1640.937 1844.031 
212.625 466.906 1154.593 1333.718 
346.968 1458.187 1637.250 
816.531 1076.906 1856.718 1858.312 1870.468 
