32.812 44.562 65.406 95.437 142.343 148.718 157.312 190.093 193.750 333.125 351.500 444.031 445.468 456.343 517.562 524.281 526.375 587.531 641.812 644.468 662.843 676.312 684.187 718.781 720.343 739.750 744.968 883.687 888.187 916.718 977.531 979.656 995.843 1078.125 1091.375 1112.406 1116.781 1133.812 1194.468 1287.000 1304.156 1338.375 1389.093 1403.406 1408.187 1486.218 1490.656 1600.062 1601.875 1639.500 1641.125 1658.937 1720.937 1737.562 1738.968 1960.156 2289.875 2831.437 3539.156 3599.531 
17.187 20.125 28.812 32.531 36.843 63.375 97.312 99.500 164.406 175.281 197.093 273.343 336.281 345.031 426.750 504.000 583.093 637.375 639.843 674.187 686.625 718.812 741.312 815.218 817.312 875.968 878.812 914.156 926.281 939.968 976.250 978.718 1072.843 1133.812 1186.906 1189.375 1228.812 1269.281 1285.812 1287.625 1314.937 1329.687 1363.156 1384.218 1385.968 1389.062 1428.906 1482.093 1491.593 1586.968 1639.031 1642.843 1670.375 1723.218 1737.000 1738.531 1805.218 1820.281 1919.968 1959.750 
17.156 18.875 23.000 28.312 32.937 62.906 97.031 140.031 174.625 177.625 198.781 273.468 276.843 345.031 427.843 432.187 459.468 508.156 510.718 523.781 583.218 638.000 639.656 673.562 677.968 717.343 741.250 761.156 815.531 817.343 849.062 878.000 914.156 926.031 992.968 1075.875 1115.687 1218.875 1235.312 1253.156 1286.000 1288.156 1328.781 1385.500 1389.750 1481.218 1490.218 1571.625 1586.593 1639.718 1641.781 1670.250 1722.968 1737.656 1739.562 1763.781 1804.156 1918.781 1960.750 2008.656 3387.093 3646.343 
16.968 18.343 20.218 33.531 64.625 75.187 97.437 174.968 197.750 239.125 274.750 279.593 344.125 414.718 427.625 429.593 446.406 506.718 584.125 588.875 637.562 640.125 675.437 678.000 694.312 743.343 815.062 818.406 877.406 879.687 881.593 914.437 916.500 940.125 942.593 973.687 1117.343 1156.156 1221.812 1254.125 1286.906 1315.906 1385.156 1388.625 1404.062 1481.750 1492.750 1590.062 1639.781 1670.125 1737.687 1768.031 1804.218 1808.375 1823.187 1904.718 1915.906 1920.937 1961.187 2011.062 2661.812 
16.625 19.625 30.781 35.031 62.687 68.937 96.062 184.375 198.375 258.937 274.312 275.781 338.843 427.000 428.812 460.812 505.062 582.687 583.937 664.562 677.187 691.406 741.437 769.093 815.468 818.593 849.781 877.468 880.093 914.687 925.156 998.906 1073.468 1092.375 1112.531 1136.093 1187.312 1190.781 1220.093 1235.156 1330.156 1365.531 1385.156 1387.093 1482.031 1490.625 1492.093 1566.875 1587.593 1639.281 1643.406 1673.375 1738.625 1745.343 1802.031 1806.750 1825.968 1919.687 1923.718 1958.312 
17.562 21.843 30.625 33.656 60.250 62.343 76.750 97.500 101.031 144.968 155.437 197.468 274.750 276.218 343.656 426.812 429.843 450.937 509.187 544.656 585.406 639.000 642.562 663.750 677.656 687.531 724.937 740.062 815.218 877.656 879.500 914.500 925.968 971.937 993.031 1052.250 1074.187 1135.781 1154.750 1188.531 1190.343 1228.687 1254.500 1286.437 1329.562 1365.156 1385.593 1480.562 1485.656 1491.093 1572.250 1588.125 1638.687 1641.187 1689.687 1738.031 1805.718 1822.593 1918.687 1960.656 2393.031 2871.906 3387.031 3596.593 3906.656 
16.906 19.218 29.656 36.531 63.406 95.656 98.812 141.687 155.593 257.062 274.593 344.437 428.125 432.125 460.968 507.125 509.593 583.218 586.718 637.062 638.812 644.156 675.343 677.281 718.187 741.250 815.656 848.468 876.343 879.031 915.812 926.218 943.687 997.031 1077.718 1110.062 1133.562 1191.375 1286.937 1314.062 1363.531 1385.750 1389.375 1481.625 1572.968 1587.093 1639.750 1641.375 1670.656 1719.125 1737.906 1741.906 1772.031 1804.062 1820.093 1914.156 1920.375 1999.750 3596.718 
16.281 18.437 30.812 34.625 62.906 77.031 95.218 175.656 258.250 273.906 275.375 344.062 373.781 428.312 430.656 504.593 509.937 583.531 591.000 639.562 642.375 665.625 677.156 743.656 816.000 819.625 850.312 878.625 882.562 915.156 926.781 942.593 977.437 996.687 1081.500 1110.906 1133.437 1136.562 1197.062 1220.031 1236.656 1253.312 1285.875 1331.875 1385.750 1391.062 1480.406 1485.000 1535.906 1586.937 1639.093 1641.125 1672.718 1737.437 1804.312 1820.750 1920.343 1980.468 3926.531 
17.531 19.156 21.281 30.062 34.062 36.312 63.062 73.156 94.625 98.906 181.375 201.343 258.468 274.156 307.468 338.031 343.562 386.437 426.750 430.625 459.062 504.843 583.875 638.500 645.656 676.281 687.562 744.531 767.187 815.250 877.500 880.687 914.437 927.218 940.906 998.750 1096.468 1110.812 1113.906 1135.062 1155.281 1220.312 1253.000 1285.875 1288.625 1364.000 1385.875 1387.593 1482.312 1493.187 1573.406 1587.750 1640.343 1667.031 1715.562 1763.750 1804.062 1820.750 1920.312 2444.250 2892.718 
17.312 20.312 28.781 33.406 35.031 36.875 62.781 94.906 138.937 182.125 192.062 195.375 273.875 276.906 345.687 395.437 426.906 460.593 507.718 533.500 584.218 639.125 642.812 676.000 677.812 689.375 719.312 741.343 816.093 818.875 849.000 878.531 881.781 941.125 997.562 1073.500 1113.250 1133.718 1135.468 1189.093 1235.812 1255.531 1286.187 1292.468 1314.968 1328.750 1364.218 1386.281 1390.625 1480.281 1481.968 1533.500 1573.875 1587.687 1640.156 1718.531 1737.406 1825.468 1918.937 2717.500 3962.187 
