23.906 28.031 54.125 74.312 81.500 126.062 146.562 154.937 218.062 244.156 246.531 248.468 273.093 295.531 316.250 333.500 398.031 427.375 514.750 517.718 612.812 614.468 656.062 702.625 788.906 790.781 877.343 886.812 916.750 977.125 1003.843 1005.687 1064.218 1067.437 1070.250 1122.250 1267.625 1370.343 1371.843 1406.375 1448.718 1518.250 1630.343 1729.125 1735.687 1764.437 1830.468 1840.781 1874.718 1919.281 1947.000 
23.375 24.625 27.156 49.500 128.062 146.250 167.343 243.625 246.843 282.468 299.187 332.812 339.156 360.375 397.156 458.812 469.250 518.031 571.656 613.468 615.000 617.593 697.781 754.781 790.500 879.718 975.937 979.781 1004.843 1067.343 1073.281 1153.250 1265.593 1279.250 1371.406 1374.093 1413.000 1523.906 1609.343 1633.000 1729.718 1731.687 1734.593 1764.750 1779.250 1838.968 1892.218 2006.625 3073.906 
24.031 26.562 83.687 105.531 145.812 169.093 244.281 247.062 284.406 296.593 314.125 332.937 339.031 372.312 400.625 405.062 515.125 518.781 577.375 612.625 614.281 655.750 789.625 881.812 968.750 980.343 1004.500 1067.687 1069.843 1166.687 1220.937 1280.500 1357.687 1370.781 1449.312 1518.656 1524.218 1729.093 1764.031 1777.906 1832.218 1917.156 3086.218 
24.093 27.468 53.625 81.156 106.250 129.656 146.500 155.781 167.468 186.000 244.843 247.812 272.031 285.218 295.781 317.468 334.312 339.031 376.593 398.187 471.656 515.343 524.531 612.812 701.156 792.093 978.375 981.437 1004.531 1067.250 1069.125 1156.312 1279.718 1293.625 1371.843 1376.843 1412.250 1448.062 1523.250 1612.000 1729.406 1731.125 1764.000 1767.468 1841.281 1921.031 1950.000 2794.593 
24.156 27.312 92.718 128.250 146.906 244.500 250.031 273.000 302.406 317.031 335.406 397.718 438.906 514.656 517.875 612.437 614.781 789.812 883.656 975.906 978.906 1004.781 1006.718 1064.093 1067.375 1069.875 1151.531 1269.562 1371.625 1373.312 1410.531 1450.468 1521.000 1524.781 1656.468 1728.875 1732.906 1831.906 1841.750 3355.218 
23.593 25.343 27.562 48.750 82.500 105.937 133.562 146.406 155.156 187.093 244.312 246.218 272.687 296.687 315.687 332.906 375.812 397.312 430.031 515.562 613.718 616.250 701.656 789.875 818.156 879.500 915.531 978.406 1006.656 1062.562 1067.906 1105.125 1128.375 1167.656 1266.656 1371.031 1411.093 1448.625 1470.718 1517.562 1524.093 1656.562 1729.250 1731.812 1765.531 1806.625 1836.593 1840.812 1948.375 1955.031 2724.843 3045.781 3182.687 
23.656 26.812 31.156 82.500 92.375 106.750 126.812 128.781 137.125 155.625 177.031 244.562 247.968 283.718 296.468 337.187 400.687 425.375 514.937 516.875 613.406 616.218 691.375 789.687 877.750 880.937 916.656 978.031 1004.781 1007.375 1066.531 1067.843 1069.968 1152.187 1200.000 1267.312 1280.593 1371.375 1410.843 1468.625 1470.656 1521.906 1611.562 1654.062 1729.375 1735.843 1766.687 1779.656 1832.687 1878.656 1891.750 1919.531 3353.281 
23.968 27.750 35.843 48.937 81.875 126.906 145.625 232.625 244.125 248.687 295.781 317.406 332.312 335.218 371.625 397.125 398.593 515.781 519.593 613.093 614.656 620.031 792.093 871.250 902.750 918.625 975.906 1005.750 1067.500 1152.750 1254.437 1267.187 1354.000 1371.625 1373.718 1411.468 1450.031 1470.593 1520.781 1637.125 1729.750 1737.687 1835.812 1841.750 1920.718 1946.281 
23.625 28.156 52.562 83.062 105.781 127.312 129.406 146.187 154.843 244.812 248.281 280.250 319.500 332.281 339.125 373.562 398.250 515.062 518.343 613.000 615.875 650.187 723.968 790.562 884.843 918.062 968.156 973.562 988.500 1004.750 1067.343 1070.468 1154.375 1262.531 1370.187 1372.625 1407.531 1413.187 1455.312 1471.500 1518.718 1730.343 1764.125 1778.718 1839.531 1864.156 1894.312 1920.312 1949.375 3135.500 3862.937 
24.156 27.718 82.875 106.312 126.625 147.968 244.062 247.750 251.281 276.593 296.437 317.656 333.343 373.812 397.281 428.750 515.500 612.656 614.656 709.000 789.625 797.468 831.437 884.937 977.281 1004.468 1007.875 1065.093 1068.750 1180.468 1222.968 1269.000 1293.656 1371.343 1374.406 1409.250 1449.812 1494.375 1519.281 1556.062 1632.093 1729.531 1732.875 1743.750 1841.875 1866.125 1875.656 1891.562 1920.343 1944.718 
