19.000 20.093 22.718 82.062 95.937 107.031 132.187 155.593 166.968 192.468 206.812 264.718 280.500 283.562 343.375 345.562 360.812 376.968 381.156 397.000 416.000 427.062 482.437 518.562 520.281 541.125 617.718 650.406 652.250 688.593 691.937 733.531 751.218 754.843 774.343 807.312 889.593 947.312 955.437 981.750 996.187 1053.000 1073.156 1115.437 1163.687 1186.093 1223.906 1278.156 1301.687 1357.437 1469.093 1526.156 1543.468 1559.312 1572.968 1604.468 1627.250 1668.093 1678.718 1753.812 1826.281 1868.375 1879.875 1885.000 1903.718 1972.406 2010.718 2012.843 2099.187 2268.218 
18.968 22.062 46.562 88.062 96.093 107.656 130.812 199.531 208.218 223.406 269.281 322.687 343.062 361.062 377.531 379.437 397.218 426.656 482.843 519.156 540.781 620.281 649.687 651.500 687.406 689.250 730.718 733.281 751.812 753.531 773.718 787.093 847.718 858.656 888.812 931.437 947.500 956.281 976.093 983.093 996.406 1010.937 1060.531 1072.531 1082.500 1186.375 1280.000 1300.812 1359.968 1369.062 1381.687 1443.906 1469.656 1472.781 1510.156 1525.906 1557.593 1573.843 1603.906 1626.625 1629.375 1680.218 1711.812 1792.343 1822.500 1828.531 1880.562 1882.062 1885.312 1904.625 1928.718 1973.375 2011.593 2567.375 3414.656 3922.281 
19.093 22.281 49.156 73.875 96.062 107.875 110.937 135.718 156.031 198.156 209.562 266.343 288.531 344.531 360.656 378.343 381.093 396.500 416.656 486.406 518.812 520.406 522.843 540.250 617.500 649.968 688.343 692.093 733.843 743.281 751.656 754.468 774.968 858.062 862.312 947.937 956.125 972.000 982.406 1052.937 1072.250 1116.093 1141.562 1189.562 1223.343 1278.062 1282.656 1301.906 1359.906 1368.937 1384.875 1469.750 1501.812 1526.843 1543.375 1572.687 1574.343 1604.156 1626.500 1628.218 1648.281 1670.125 1822.906 1829.500 1879.875 1881.437 2011.343 2321.156 
19.000 20.218 23.125 92.687 99.406 106.531 155.593 166.468 200.406 210.093 226.406 266.437 271.406 360.812 377.906 381.468 396.343 416.593 426.593 483.937 519.281 524.375 540.906 649.656 688.968 691.625 737.000 752.250 754.937 773.156 807.750 860.031 931.406 948.187 978.437 997.750 1053.687 1072.562 1078.875 1083.968 1140.687 1191.125 1223.281 1225.281 1273.937 1302.437 1368.500 1445.343 1470.187 1510.781 1541.093 1572.750 1603.843 1626.562 1628.000 1655.343 1681.156 1831.531 1881.062 1882.500 1921.656 2000.281 2011.687 3525.968 3557.750 3869.906 3872.875 
19.218 20.625 22.875 40.218 93.000 106.906 132.031 157.937 198.281 208.062 266.812 269.125 344.406 359.781 378.562 380.156 400.312 415.375 421.593 444.843 484.343 518.718 520.718 540.750 565.906 619.812 650.437 688.187 741.156 751.281 908.250 930.750 949.343 957.000 995.906 1052.968 1057.187 1071.406 1073.406 1116.625 1142.625 1185.218 1193.656 1223.687 1280.625 1301.937 1304.156 1361.968 1369.437 1443.593 1470.593 1527.437 1561.843 1573.218 1574.937 1604.906 1627.281 1628.812 1712.093 1792.843 1823.406 1828.968 1880.468 1882.500 1929.968 1952.531 1992.156 2011.000 2874.406 3473.093 3829.968 3831.562 3834.000 3837.031 
19.000 22.343 95.625 110.906 113.156 133.968 175.218 200.843 210.125 224.875 251.937 267.312 343.281 378.281 381.250 397.093 413.250 426.156 472.281 518.718 522.187 539.906 619.906 650.656 688.750 692.031 732.156 751.125 753.687 773.375 784.468 807.531 888.500 931.437 948.968 955.968 957.281 976.000 982.968 1011.531 1050.687 1055.593 1072.843 1280.562 1302.375 1369.343 1383.468 1443.375 1471.593 1510.250 1530.531 1573.312 1603.656 1627.187 1647.093 1711.375 1824.343 1880.312 1881.656 1979.343 2010.750 
18.781 20.093 23.187 87.968 95.187 108.250 110.593 131.062 157.062 198.062 207.625 269.281 285.812 316.093 342.250 366.281 378.656 383.500 394.500 396.468 417.062 427.500 518.687 520.437 522.875 541.000 650.718 690.156 693.375 731.156 743.000 751.625 755.250 777.906 786.312 844.125 947.406 956.375 983.093 1009.656 1053.375 1056.687 1072.937 1088.500 1116.906 1141.125 1190.156 1211.750 1223.531 1279.218 1302.156 1361.406 1444.125 1471.875 1503.625 1572.687 1602.968 1626.937 1669.718 1821.468 1827.812 1842.281 1880.593 1881.843 1921.312 2011.968 2374.031 
18.937 22.375 26.281 71.656 82.875 92.656 108.593 157.906 176.656 204.656 209.500 266.687 342.375 359.625 378.187 380.562 396.593 416.000 427.250 482.281 518.718 541.000 621.937 635.375 650.468 687.625 744.937 751.218 773.718 807.437 948.687 983.656 996.531 1053.062 1073.500 1120.187 1191.312 1223.750 1225.718 1278.875 1301.281 1303.625 1359.312 1368.468 1444.656 1472.031 1527.312 1558.125 1574.468 1605.781 1626.875 1823.593 1880.343 1885.718 1973.968 2010.781 2012.562 2709.593 2716.906 3689.000 
19.187 20.312 22.593 48.843 72.156 95.250 107.437 111.187 130.031 139.312 156.812 201.343 209.125 266.031 268.281 279.656 342.281 347.437 378.468 381.125 396.000 414.968 426.750 445.343 518.500 522.343 541.406 617.968 650.406 687.937 733.187 743.437 750.843 753.437 773.843 785.437 808.468 842.906 948.343 982.968 1039.562 1052.531 1057.875 1082.562 1140.531 1187.093 1223.781 1225.406 1280.062 1302.187 1316.875 1358.812 1361.937 1445.281 1472.937 1511.062 1526.250 1542.156 1572.968 1626.906 1629.062 1651.093 1668.593 1828.593 1879.906 1884.593 1973.562 2011.781 
18.468 23.031 41.406 88.312 94.250 107.125 135.937 155.343 166.125 208.750 266.343 280.906 378.593 381.500 398.500 416.562 426.656 445.343 482.781 519.312 520.812 539.468 540.750 617.156 650.156 652.187 689.500 730.687 742.656 752.031 754.000 807.125 857.875 888.968 949.000 957.031 983.968 996.062 1054.875 1073.968 1084.312 1187.531 1191.062 1223.812 1227.343 1272.687 1301.937 1373.125 1442.218 1469.781 1473.625 1541.031 1573.562 1603.406 1625.500 1626.562 1647.125 1668.906 1793.562 1827.375 1840.281 1880.500 1885.812 1922.343 1934.500 1972.875 2011.812 3134.812 3807.187 
