18.281 19.468 22.312 32.125 48.656 64.406 93.875 108.250 149.781 169.093 208.593 231.750 275.250 277.343 336.968 367.781 390.437 394.187 421.656 444.437 472.406 513.875 560.312 562.312 652.250 661.593 694.312 747.312 816.812 820.125 875.125 956.593 1042.093 1057.562 1088.156 1147.093 1150.125 1174.906 1177.156 1208.718 1219.656 1259.875 1277.500 1336.812 1385.718 1412.218 1418.531 1454.937 1459.781 1478.156 1526.187 1568.625 1574.312 1592.531 1645.093 1647.750 1668.125 1669.812 1722.656 1747.187 1777.031 1792.781 1916.156 1925.781 1954.156 3151.218 3532.156 
18.343 21.187 49.718 63.750 65.125 95.812 149.750 208.750 229.000 276.625 351.250 365.000 391.406 393.093 451.343 556.093 560.031 575.468 641.906 654.468 688.625 748.031 760.781 815.937 955.625 1038.812 1042.406 1088.687 1147.281 1149.031 1177.343 1218.156 1280.468 1412.625 1452.062 1478.406 1525.031 1568.687 1574.312 1603.218 1645.281 1648.125 1670.156 1674.000 1722.031 1765.500 1789.937 1915.500 1924.656 2581.250 
18.500 20.906 22.562 48.968 64.312 127.156 149.625 228.968 231.125 278.187 357.000 391.125 422.437 444.218 451.625 513.125 557.500 559.500 574.312 653.562 658.468 739.531 747.781 815.375 820.531 873.062 923.531 958.406 1037.937 1089.031 1147.468 1149.187 1176.062 1208.781 1214.843 1262.593 1292.250 1412.375 1415.156 1464.375 1478.843 1481.156 1525.968 1568.593 1573.250 1591.156 1605.843 1647.656 1669.718 1702.437 1723.406 1749.656 1774.656 1790.875 1905.468 1925.031 2483.531 
18.437 19.625 21.937 64.062 65.500 95.562 107.156 149.812 232.125 278.093 358.625 369.062 391.250 393.281 420.625 452.875 545.093 559.375 562.625 654.625 688.531 692.781 747.531 761.250 816.750 818.125 955.812 994.062 1090.000 1147.906 1149.250 1176.218 1209.406 1260.593 1280.093 1411.812 1416.531 1465.437 1479.468 1483.375 1526.156 1568.562 1573.531 1594.718 1626.187 1646.531 1668.937 1676.156 1702.375 1748.437 1789.281 1793.062 1916.531 1925.656 2095.218 2591.687 
18.625 19.843 22.218 65.156 102.187 151.125 167.437 208.218 235.562 279.312 333.343 362.625 391.812 395.968 450.375 493.062 557.625 560.406 653.781 658.968 687.781 693.843 738.781 747.281 760.781 817.187 957.218 978.375 1050.187 1088.687 1090.312 1128.156 1147.875 1149.406 1174.968 1208.437 1220.281 1272.437 1326.156 1411.625 1413.937 1460.375 1479.437 1482.281 1526.625 1570.281 1574.312 1603.593 1629.187 1645.187 1670.312 1703.031 1723.562 1790.000 1916.968 1954.531 3982.218 
18.218 19.593 21.500 31.687 64.500 96.187 127.468 149.906 169.500 275.875 309.125 364.093 392.593 427.062 455.718 492.218 523.750 561.437 652.812 660.937 690.031 737.406 818.468 875.375 956.281 1037.968 1089.906 1147.625 1149.437 1175.031 1176.687 1280.937 1452.031 1464.093 1479.625 1481.781 1525.531 1571.187 1575.062 1646.437 1668.906 1702.437 1723.093 1790.031 1915.750 1925.531 1973.156 2564.718 
18.468 22.218 50.218 63.906 108.593 132.562 150.812 167.562 206.781 210.125 281.000 368.062 390.781 392.468 422.406 451.125 513.187 558.625 561.312 575.937 606.375 653.593 659.031 688.031 747.281 815.406 957.468 994.562 1058.593 1089.718 1092.000 1146.687 1149.812 1177.093 1220.000 1280.687 1313.875 1412.468 1417.781 1466.718 1479.562 1484.437 1569.468 1571.562 1644.500 1648.031 1669.406 1702.937 1722.718 1748.625 1791.562 1913.468 1919.562 2703.125 
18.531 21.750 51.093 64.531 94.687 96.406 207.125 227.812 277.750 333.718 390.875 430.750 444.406 512.593 525.031 558.812 560.687 640.437 653.875 658.562 690.218 748.375 817.812 873.656 954.937 957.968 994.500 1037.343 1059.500 1089.531 1093.031 1147.687 1149.218 1208.375 1272.406 1412.031 1417.718 1454.687 1469.906 1480.156 1525.812 1568.718 1572.687 1643.593 1648.312 1670.125 1724.125 1750.593 1804.812 1919.156 1925.875 2038.156 
18.593 21.781 32.906 64.187 66.093 96.812 116.656 131.625 149.625 167.562 207.406 228.437 277.250 328.781 369.750 392.906 443.531 494.562 512.406 558.593 641.468 659.500 689.843 693.906 761.625 817.406 873.343 955.281 958.875 1038.406 1051.875 1089.437 1148.156 1154.343 1175.218 1211.562 1214.750 1261.125 1290.375 1329.281 1410.500 1413.312 1456.343 1479.843 1525.968 1569.968 1574.906 1604.250 1644.593 1669.281 1703.187 1722.906 1795.312 1915.468 1920.093 1928.000 2092.187 2897.750 3361.843 
18.531 19.750 21.750 26.156 64.281 66.062 129.468 149.656 152.281 206.593 241.500 278.250 282.968 333.843 363.500 392.437 425.531 444.375 493.187 513.968 560.062 658.250 692.125 739.343 747.468 749.562 815.468 873.500 957.781 993.468 1039.250 1052.437 1149.500 1174.562 1176.281 1219.562 1262.031 1292.000 1331.500 1411.031 1420.250 1455.156 1464.750 1526.156 1569.968 1572.437 1630.093 1647.000 1667.937 1669.218 1701.843 1791.968 1916.031 1921.656 1961.062 
