42.125 52.781 127.281 128.625 147.875 155.218 231.875 235.718 238.468 253.156 256.687 280.093 281.812 288.875 336.125 339.281 360.281 376.937 389.593 508.000 518.000 593.593 669.718 720.687 743.656 881.000 883.437 898.593 904.250 920.250 961.375 1029.062 1100.625 1196.875 1216.000 1226.656 1229.125 1301.031 1306.843 1363.781 1502.156 1550.812 1576.500 1594.531 1637.312 1640.750 1647.343 1651.000 1788.593 1812.812 1819.031 1854.968 1865.468 1923.562 1924.718 1928.093 2004.625 2442.312 3225.468 3489.218 3745.250 
24.437 28.031 43.062 45.062 105.687 107.281 127.531 146.125 151.000 179.250 224.406 225.843 228.750 245.375 252.812 254.375 271.718 279.312 331.656 335.656 357.656 375.500 378.218 386.875 481.156 496.312 537.906 557.468 648.031 666.812 668.625 760.156 796.437 824.625 858.343 875.000 899.156 903.437 932.437 953.125 994.156 1020.781 1024.656 1026.875 1135.062 1136.812 1189.750 1197.062 1229.187 1241.593 1255.281 1297.093 1299.937 1432.875 1434.906 1499.812 1501.593 1548.687 1550.093 1577.156 1595.656 1632.343 1635.593 1692.875 1700.187 1778.062 1799.187 1816.750 1856.562 1920.531 1922.250 1924.062 1987.718 2005.843 3771.468 
24.031 26.625 43.625 44.906 105.437 107.156 127.250 128.718 148.781 151.343 225.468 229.062 231.125 245.687 253.156 255.125 271.937 281.375 332.843 335.468 359.531 375.781 387.031 498.250 500.593 530.906 542.531 589.562 609.625 650.125 667.093 690.468 699.562 723.156 741.562 802.718 832.062 836.625 861.906 876.093 899.781 921.406 1017.875 1026.843 1098.156 1121.406 1135.718 1139.000 1188.687 1190.531 1229.250 1242.875 1297.375 1299.937 1433.062 1436.625 1499.500 1500.718 1549.062 1550.281 1593.375 1598.187 1633.343 1636.906 1647.312 1720.750 1776.718 1778.968 1816.937 1856.656 1921.125 1925.406 2005.156 
24.843 28.750 43.156 44.281 105.250 125.593 127.593 129.125 145.375 148.781 225.875 228.906 233.000 246.718 269.156 281.187 335.312 336.750 339.343 356.875 374.906 387.500 500.875 519.093 537.968 548.968 607.031 648.937 666.937 701.750 740.500 761.375 859.156 861.500 881.562 899.843 917.312 952.031 994.875 1025.156 1097.875 1135.906 1141.375 1189.343 1229.406 1241.812 1254.687 1297.406 1299.281 1433.531 1441.968 1499.218 1549.875 1551.406 1571.718 1593.625 1633.281 1635.875 1650.687 1691.468 1718.593 1768.937 1775.968 1854.718 1921.000 1925.156 1987.437 2005.781 3122.156 3452.437 
25.031 26.093 43.437 106.093 127.437 129.062 149.343 179.156 225.375 228.406 231.750 244.781 253.968 255.843 280.500 334.031 338.187 359.250 376.437 387.531 496.531 527.718 545.250 650.031 666.562 667.843 740.687 780.656 826.531 859.562 862.500 877.375 899.375 951.093 1014.031 1025.218 1026.968 1097.812 1124.812 1135.875 1137.906 1191.718 1214.062 1229.187 1242.656 1255.062 1297.500 1299.031 1357.187 1424.218 1432.781 1436.406 1499.750 1502.500 1548.593 1550.281 1593.312 1595.187 1632.625 1637.250 1692.750 1717.625 1773.593 1816.156 1842.343 1920.937 1923.187 1988.500 3720.500 
24.437 27.406 44.218 46.031 107.093 108.593 128.187 150.406 178.781 226.531 229.656 244.406 253.500 255.437 280.562 332.562 334.375 337.500 376.875 386.718 494.906 516.687 543.437 649.625 667.750 715.437 742.281 831.906 859.937 862.906 879.500 899.500 1024.968 1136.875 1165.500 1189.000 1216.156 1225.375 1242.156 1298.281 1300.906 1434.156 1460.125 1500.750 1549.968 1551.343 1577.000 1594.562 1635.500 1718.625 1777.281 1815.500 1856.281 1920.781 1922.218 1925.531 1990.718 2004.906 2140.281 
23.687 26.812 43.968 45.156 106.093 127.937 149.593 177.750 225.375 227.843 253.718 281.687 290.437 334.781 340.156 376.218 387.406 502.875 535.937 651.781 667.062 715.968 720.500 739.531 801.718 837.093 859.531 862.875 882.343 899.625 945.875 950.718 1018.250 1027.093 1081.656 1122.125 1135.406 1137.468 1189.062 1191.812 1215.375 1228.843 1241.906 1297.593 1299.187 1339.343 1363.000 1433.125 1434.843 1500.093 1549.718 1557.406 1593.437 1632.500 1700.937 1774.718 1856.843 1920.812 1922.312 1960.812 1984.437 2005.000 
24.187 28.656 43.125 44.250 105.937 127.156 128.656 148.625 153.156 178.187 225.500 227.093 231.250 233.375 253.500 279.500 323.375 332.718 335.625 366.187 388.406 493.375 501.187 538.343 541.781 647.781 666.843 669.812 700.281 742.062 833.406 840.562 859.468 876.093 883.718 899.781 1026.250 1080.468 1099.468 1135.187 1137.375 1165.062 1190.343 1215.656 1223.593 1230.656 1245.343 1255.562 1297.875 1305.343 1430.812 1433.625 1500.031 1550.031 1555.093 1593.343 1633.218 1636.000 1776.781 1779.250 1819.093 1856.718 1920.406 1922.625 2004.312 
24.656 25.843 28.750 42.781 43.937 45.843 106.968 108.250 127.343 128.718 144.218 149.093 150.875 176.406 225.656 227.500 231.000 247.093 253.343 254.593 280.750 332.312 334.437 336.437 375.781 387.156 497.375 537.031 558.875 587.812 654.343 667.625 761.312 805.156 859.875 867.906 902.625 924.437 1026.125 1097.156 1120.937 1135.968 1140.187 1187.656 1190.406 1228.625 1241.437 1297.906 1300.093 1433.125 1437.625 1499.750 1549.406 1550.500 1593.656 1632.250 1699.218 1817.281 1921.468 1923.406 1926.093 1955.468 1990.000 2005.843 
24.312 27.843 43.187 44.281 105.906 107.093 127.312 128.875 149.843 151.781 176.750 225.593 227.406 246.062 253.531 271.062 281.687 291.500 333.156 336.156 341.656 358.781 377.968 386.281 494.125 530.625 537.750 558.468 667.062 668.625 700.468 741.968 761.937 842.625 863.031 877.343 902.906 1025.312 1029.500 1123.281 1135.656 1137.656 1189.843 1214.718 1229.406 1231.281 1243.437 1253.781 1297.875 1306.781 1419.875 1433.718 1499.593 1501.718 1549.812 1550.937 1593.562 1633.187 1637.812 1650.812 1720.031 1776.593 1778.156 1815.781 1855.687 1923.281 1925.375 2004.031 2304.000 
