19.625 20.968 23.000 54.968 59.187 75.093 113.656 151.687 181.000 182.500 213.968 237.718 244.062 257.343 274.281 278.062 338.093 367.593 392.250 449.812 473.437 506.625 526.125 551.312 580.656 594.593 652.531 654.843 756.562 798.843 800.156 804.468 849.062 931.312 954.312 1063.593 1135.906 1137.906 1149.218 1229.656 1232.312 1260.187 1282.375 1305.656 1327.625 1357.000 1394.156 1426.781 1456.656 1567.843 1570.406 1602.250 1603.875 1639.218 1641.875 1680.187 1709.875 1734.875 1791.968 1858.125 1860.281 1900.531 1943.156 1944.437 1993.468 3586.718 3708.187 
19.000 22.250 24.000 37.156 48.281 54.937 59.406 107.656 148.718 180.156 181.812 237.156 239.156 245.375 257.718 274.093 278.500 295.281 320.437 363.187 392.562 472.500 505.906 515.437 527.718 549.562 594.218 595.656 652.406 654.750 683.687 727.656 743.531 772.718 798.687 802.843 824.687 853.906 888.500 898.687 954.250 1064.375 1136.656 1138.250 1165.843 1228.437 1230.937 1259.687 1282.406 1306.781 1331.125 1334.593 1356.656 1391.593 1456.687 1567.062 1569.062 1601.812 1603.500 1640.000 1642.093 1679.625 1683.156 1689.968 1711.906 1737.906 1793.218 1858.875 1863.375 1943.593 1945.562 1994.062 3155.687 3781.031 
18.750 20.875 23.312 43.125 55.531 58.593 74.375 148.843 180.718 237.187 240.000 248.843 257.687 274.437 277.375 296.718 306.656 338.375 369.218 392.343 458.625 507.343 550.406 580.406 594.843 652.656 656.562 773.968 798.562 800.750 824.062 853.281 890.437 899.937 953.406 1113.218 1136.062 1137.875 1230.812 1264.437 1281.718 1306.593 1330.906 1332.562 1391.437 1393.406 1425.031 1457.812 1568.843 1571.343 1602.281 1603.937 1605.875 1640.218 1642.343 1680.937 1708.812 1783.843 1857.812 1859.281 1863.250 1904.187 1944.062 1946.218 2050.031 2667.218 
18.937 22.531 26.906 55.125 58.687 60.656 149.062 180.750 222.343 238.281 247.000 274.812 278.250 298.687 337.687 393.125 396.562 449.625 466.562 510.875 526.125 550.281 580.281 594.656 652.812 654.593 798.531 801.031 824.500 847.125 866.187 900.500 955.187 1000.250 1046.812 1113.781 1136.218 1137.750 1165.781 1222.406 1231.031 1264.906 1282.281 1305.093 1316.000 1329.000 1358.000 1392.500 1456.687 1461.875 1522.875 1571.312 1602.437 1606.218 1640.031 1642.062 1678.656 1680.593 1710.281 1733.312 1758.156 1809.000 1857.968 1859.625 1904.156 1905.875 1943.406 1945.187 1994.281 
19.437 21.656 25.281 55.875 58.187 74.343 95.187 141.593 146.437 180.093 218.250 236.781 238.718 242.125 247.281 259.375 274.562 276.906 279.375 364.437 391.812 420.593 507.718 525.187 550.812 595.093 652.625 772.687 798.812 800.531 855.531 866.343 887.812 899.750 954.406 1066.906 1116.218 1135.593 1138.093 1231.750 1261.250 1283.062 1304.937 1328.687 1333.343 1383.656 1395.906 1423.843 1444.968 1456.468 1569.562 1603.375 1604.937 1639.562 1641.187 1688.656 1740.500 1764.875 1857.718 1859.312 1862.062 1904.562 1943.656 1945.968 1995.968 2077.718 2404.125 3518.875 
19.281 23.312 50.531 58.000 75.187 145.875 180.968 217.343 239.343 245.281 257.593 274.187 276.875 299.343 365.312 393.906 472.437 512.531 526.062 551.093 583.312 595.437 598.281 651.968 654.187 781.218 799.031 800.812 803.812 854.062 900.468 956.750 961.093 1128.281 1136.718 1138.468 1240.187 1260.312 1270.593 1282.312 1332.375 1358.625 1392.625 1395.500 1424.500 1456.968 1550.062 1568.406 1572.000 1602.875 1639.125 1644.343 1680.687 1715.343 1758.125 1777.562 1807.687 1858.781 1866.687 1904.281 1943.687 1945.625 1994.250 3728.593 
19.437 21.187 25.812 54.718 59.968 73.937 113.156 149.968 181.125 237.625 241.000 245.687 249.906 274.125 278.312 363.218 391.031 420.843 450.437 467.781 507.125 549.625 595.437 599.281 633.906 652.937 656.156 743.156 776.437 798.531 801.937 805.687 848.875 888.250 935.062 954.437 1067.937 1135.937 1137.593 1228.343 1281.093 1283.218 1327.656 1331.625 1356.875 1394.156 1425.187 1446.937 1457.093 1569.968 1602.812 1607.000 1640.812 1643.500 1683.250 1711.187 1765.781 1807.031 1858.781 1861.250 1943.031 1944.812 1993.875 3567.156 
18.906 20.656 25.625 46.687 54.968 57.625 74.187 141.062 147.281 179.437 181.750 238.625 243.593 257.000 274.125 277.906 368.312 392.906 479.687 507.312 577.062 594.343 652.406 744.406 798.593 804.000 841.406 854.062 899.468 954.531 959.062 1082.000 1116.718 1135.468 1137.468 1223.468 1230.625 1282.375 1330.656 1356.156 1390.156 1457.562 1484.343 1567.875 1603.718 1606.843 1639.062 1680.812 1690.875 1711.500 1762.156 1782.312 1791.375 1809.437 1858.375 1860.156 1863.968 1904.750 1943.375 1994.062 3012.718 3286.156 
19.687 21.218 25.500 45.250 57.406 73.218 111.031 145.531 152.250 181.093 218.812 244.156 247.968 257.531 274.343 277.937 299.625 337.000 367.218 391.750 419.125 468.906 483.468 511.750 527.062 551.562 579.781 596.062 652.593 655.500 679.031 743.468 798.093 799.687 825.343 845.968 900.375 956.218 1074.875 1113.031 1129.312 1137.500 1222.343 1263.125 1282.000 1305.593 1330.625 1350.750 1384.343 1425.468 1440.656 1461.031 1501.281 1567.687 1572.156 1602.906 1604.593 1639.562 1684.062 1690.031 1712.437 1739.343 1858.593 1861.437 1904.062 1943.843 1994.562 
21.062 25.843 55.531 58.312 73.875 119.406 147.156 150.500 180.750 238.468 246.375 257.375 274.687 277.593 297.000 364.843 397.218 415.593 455.375 506.062 549.812 551.437 594.812 631.625 653.468 656.218 683.468 775.625 798.718 800.406 802.593 865.500 900.750 953.625 958.656 1112.937 1136.250 1137.531 1139.406 1222.781 1261.906 1281.468 1304.875 1328.843 1331.531 1428.812 1456.500 1458.875 1486.093 1567.593 1603.593 1640.062 1680.781 1708.156 1764.937 1810.156 1858.156 1861.000 1906.593 1943.875 1948.250 1995.281 
