48.500 63.531 99.406 103.812 105.218 108.625 159.906 226.468 304.718 306.406 307.593 322.125 326.250 425.593 427.031 447.312 448.468 543.562 551.968 577.187 580.312 621.250 628.375 644.031 647.000 658.906 705.781 789.312 800.875 806.343 819.812 875.718 877.718 951.218 953.875 963.593 1015.500 1059.843 1113.406 1152.781 1155.562 1187.562 1260.718 1262.312 1278.062 1433.718 1435.625 1509.093 1514.031 1591.187 1598.562 1602.375 1738.687 1740.781 1783.562 1808.562 1828.968 1843.281 1883.093 1896.500 1898.156 1982.968 1984.437 2006.281 2103.437 2123.156 2137.968 2625.312 3996.156 
23.093 26.281 45.500 46.812 65.437 82.500 98.250 104.406 154.437 160.375 192.625 217.156 225.843 236.843 299.125 302.437 306.281 342.187 423.875 426.062 476.625 538.343 540.062 570.937 611.968 615.312 661.093 676.375 701.593 788.187 797.250 840.875 869.343 871.656 943.093 954.968 997.406 1012.218 1014.125 1061.031 1126.687 1143.468 1148.187 1190.437 1222.375 1261.156 1280.062 1333.093 1427.968 1434.343 1465.031 1583.812 1585.281 1600.531 1670.781 1714.718 1736.156 1739.625 1777.031 1827.312 1842.781 1875.781 1878.718 1902.031 1962.656 1982.687 3770.500 
23.375 26.906 38.437 45.437 47.281 81.531 84.750 100.187 103.093 106.656 137.218 160.031 194.718 222.968 266.437 298.375 300.437 305.562 315.500 322.781 343.218 413.875 423.937 425.125 476.875 538.812 540.281 570.843 575.125 611.718 615.500 661.437 683.968 701.656 723.093 788.187 801.062 869.906 872.250 908.843 954.125 999.281 1012.468 1016.968 1051.656 1060.218 1125.750 1144.375 1173.468 1257.250 1280.218 1317.500 1334.000 1405.500 1429.718 1434.125 1466.250 1490.875 1496.250 1582.375 1736.781 1741.125 1778.406 1843.812 1875.750 1902.093 1911.062 1965.562 1969.968 2006.468 
23.500 24.593 27.875 45.531 46.718 80.843 98.437 101.750 103.593 137.968 153.187 158.781 195.750 237.468 238.937 298.968 300.500 306.218 345.875 365.843 388.531 410.500 423.812 425.218 476.531 538.562 540.093 570.781 611.437 616.312 683.906 702.468 726.125 788.562 796.406 817.062 870.500 872.437 874.125 917.406 952.656 960.125 1011.750 1015.687 1053.093 1062.000 1124.250 1126.531 1172.187 1187.218 1226.687 1260.500 1280.468 1334.281 1429.187 1433.906 1466.687 1495.968 1531.062 1585.031 1587.531 1614.437 1736.437 1739.031 1785.187 1807.281 1843.750 1875.843 1903.312 1909.218 1967.656 1984.718 3798.031 3983.093 
23.968 27.375 39.218 47.125 82.843 93.812 102.968 106.750 138.406 159.750 193.375 195.375 236.937 242.875 263.750 298.718 300.031 306.718 344.375 366.187 424.343 425.656 477.156 539.250 540.781 572.031 609.000 663.187 702.812 725.375 786.125 787.781 796.250 839.562 869.937 872.406 874.218 879.718 911.375 951.750 1011.406 1013.843 1061.625 1114.468 1127.562 1146.156 1176.406 1249.281 1427.750 1584.875 1611.468 1672.093 1715.750 1736.718 1740.562 1778.906 1846.093 1874.906 1903.125 1963.062 1981.468 2249.843 2630.156 2668.500 3563.843 
23.593 24.781 27.312 45.562 48.218 69.343 81.718 90.125 91.375 102.718 109.250 137.406 153.593 159.718 192.406 197.531 217.968 223.437 239.562 266.437 298.125 299.468 301.843 305.843 367.812 423.812 425.312 476.781 538.468 540.218 571.843 580.781 612.406 676.531 683.593 701.781 726.250 786.906 870.375 872.531 926.531 942.468 952.718 955.718 1012.375 1060.625 1114.531 1148.250 1171.875 1258.937 1278.687 1334.312 1425.250 1434.250 1467.656 1496.968 1584.750 1589.687 1601.031 1672.343 1685.156 1716.062 1735.812 1760.093 1824.906 1843.656 1876.437 1880.312 1912.125 1966.000 1981.687 
23.562 26.906 40.906 45.625 48.875 70.250 102.656 107.500 137.656 154.000 162.968 192.593 194.937 214.656 298.968 300.343 303.687 334.000 345.218 365.968 424.125 425.531 477.062 539.312 544.781 570.562 575.093 608.937 614.718 644.812 701.125 706.125 723.937 787.687 817.562 870.562 875.375 908.656 951.406 959.062 1011.125 1012.562 1061.968 1112.500 1126.875 1131.218 1146.906 1150.312 1253.562 1279.250 1334.781 1421.187 1427.625 1500.312 1532.281 1585.156 1614.531 1737.031 1760.062 1778.562 1807.406 1828.906 1843.843 1876.343 1879.281 1905.343 1965.906 2007.968 2888.187 3126.531 
24.000 25.218 44.781 46.218 60.250 81.781 90.093 97.000 103.187 137.687 153.500 158.406 191.843 224.375 299.250 301.187 340.250 387.906 411.437 424.625 426.031 447.250 476.062 538.812 552.750 571.156 611.156 613.250 643.687 648.562 682.593 701.468 703.218 723.125 786.875 794.906 796.968 870.781 873.593 951.906 1011.687 1061.781 1112.093 1127.250 1143.375 1174.031 1251.937 1277.500 1335.031 1426.593 1434.218 1496.750 1584.562 1599.437 1612.843 1651.500 1672.468 1735.406 1738.000 1779.093 1806.343 1825.625 1843.687 1875.406 1902.812 1905.468 1967.000 3205.093 3207.000 3775.125 
23.656 26.593 45.562 82.031 89.312 98.562 102.750 107.656 138.406 159.406 194.937 197.718 225.093 237.875 299.468 302.531 343.343 424.343 425.843 478.156 538.625 539.906 572.406 612.500 644.406 684.187 702.218 723.500 785.093 817.687 869.937 871.656 875.156 951.593 954.312 1011.218 1017.281 1060.468 1063.093 1126.625 1128.906 1146.625 1172.468 1258.718 1280.125 1334.593 1425.562 1434.875 1585.250 1587.625 1612.906 1639.093 1669.656 1715.437 1736.031 1738.437 1762.843 1824.375 1829.562 1843.437 1875.156 1897.750 1903.281 1964.031 1983.781 2009.468 2613.312 
23.406 27.656 39.500 45.906 47.218 69.031 91.593 97.531 103.500 136.031 160.250 195.843 198.500 220.968 240.625 265.031 284.218 298.687 301.781 424.531 426.000 427.687 448.875 477.312 478.968 539.156 543.562 570.750 574.687 607.375 614.250 646.187 702.250 722.437 787.187 870.218 871.875 942.062 952.812 1011.812 1013.187 1061.062 1132.593 1147.250 1186.375 1334.125 1426.031 1496.156 1582.218 1600.000 1736.187 1739.031 1782.156 1834.500 1843.875 1875.968 1880.843 1962.843 2003.500 3601.406 3670.156 
