41.187 50.093 51.406 52.875 77.031 83.156 100.031 136.250 194.562 260.343 269.218 300.281 307.093 380.312 394.250 411.875 424.843 577.343 590.906 675.125 732.875 751.250 752.468 776.875 857.156 858.750 861.843 893.156 917.375 951.437 953.718 1096.281 1102.937 1123.250 1131.750 1189.718 1225.156 1237.468 1320.781 1322.968 1404.218 1432.687 1501.062 1601.625 1695.875 1714.625 1766.718 1789.593 1864.375 1983.968 1986.781 1993.500 2544.031 3532.968 
32.375 37.031 52.406 53.968 74.250 84.593 255.031 256.437 269.875 297.406 302.562 375.281 379.687 420.000 479.218 596.343 727.250 737.937 752.718 779.000 853.718 855.125 857.875 901.875 917.343 939.500 943.843 973.468 1072.000 1076.187 1179.812 1186.000 1244.593 1260.968 1568.875 1571.906 1599.218 1601.187 1689.781 1692.687 1744.781 1763.062 1768.281 1797.000 1810.937 1861.375 1908.562 1982.093 1984.906 2389.562 3295.593 
31.531 33.031 37.250 39.312 50.625 54.968 73.468 97.875 186.125 255.750 258.750 287.031 297.875 337.843 375.406 416.625 422.812 437.593 476.187 551.687 580.562 644.500 672.406 729.468 738.562 753.125 854.531 855.656 857.281 859.500 917.562 938.312 942.843 972.906 1080.125 1124.406 1156.187 1180.906 1201.406 1247.093 1264.000 1302.937 1372.843 1403.937 1432.500 1473.156 1547.875 1570.843 1572.625 1600.687 1621.968 1690.875 1692.343 1761.843 1763.250 1810.812 1867.062 1908.593 1982.156 1983.562 1988.656 2010.062 
32.281 34.625 37.625 52.843 54.281 76.250 85.687 187.125 256.125 298.750 300.281 375.375 377.250 380.375 412.218 526.312 553.281 600.343 700.718 729.187 737.468 854.281 855.468 859.343 917.093 943.593 1015.937 1083.750 1093.500 1125.906 1180.000 1258.562 1262.281 1317.531 1375.062 1472.062 1570.968 1572.562 1600.375 1691.968 1694.312 1762.437 1791.125 1810.906 1864.125 1909.718 1981.718 1983.000 1990.437 2010.812 2511.906 3137.375 
31.812 34.250 51.250 54.343 73.500 184.156 206.125 256.687 258.437 297.718 299.250 304.031 376.093 382.093 416.250 422.906 583.187 594.906 596.468 645.656 686.093 727.093 737.156 777.875 854.500 855.906 858.531 941.312 1074.312 1085.250 1142.062 1181.562 1225.843 1317.500 1342.968 1432.281 1480.781 1498.093 1569.156 1572.375 1652.968 1691.531 1694.187 1763.875 1789.125 1862.875 1909.437 1981.812 1983.500 2009.687 2011.156 3984.500 
33.156 39.281 50.781 54.000 74.375 85.875 97.437 256.437 259.687 287.687 298.187 299.812 376.031 379.750 416.750 426.406 476.343 551.625 595.656 597.406 645.312 672.406 696.687 737.031 752.812 854.531 855.562 859.250 901.125 917.656 939.468 943.843 975.343 1079.468 1179.906 1260.031 1303.968 1319.937 1372.656 1407.093 1432.656 1570.343 1573.187 1601.312 1654.000 1683.718 1692.031 1763.468 1797.062 1811.968 1861.750 1885.937 1981.468 1983.156 2010.531 3723.687 3971.187 
31.812 36.468 51.437 53.468 74.031 86.218 98.937 207.250 256.812 258.625 297.625 300.375 303.500 348.125 375.906 381.593 437.031 594.500 598.781 645.343 728.343 736.875 753.343 854.031 855.406 859.218 940.593 1067.406 1179.718 1237.718 1307.687 1319.500 1341.937 1370.312 1431.687 1473.281 1570.593 1573.468 1600.687 1685.062 1691.500 1693.375 1763.437 1789.906 1865.281 1907.781 1909.593 1982.343 1984.187 2009.687 2865.625 
31.781 32.968 36.468 51.187 54.187 74.750 80.781 98.656 184.843 254.687 257.906 288.531 298.000 299.468 325.031 376.093 378.843 414.375 420.468 603.468 646.125 672.312 695.437 726.875 754.406 775.156 853.906 855.531 857.781 942.562 974.156 1074.156 1093.875 1179.843 1182.906 1199.812 1262.843 1305.437 1318.562 1430.968 1500.781 1571.531 1573.468 1602.750 1691.468 1695.968 1762.718 1797.718 1810.718 1863.375 1907.843 1911.937 1914.812 1982.593 1985.125 2010.250 2188.531 2694.250 2937.343 
32.937 37.593 50.625 52.593 74.875 98.500 184.406 256.843 298.843 337.375 375.843 380.531 412.343 421.968 600.312 644.750 671.812 728.531 737.656 753.031 779.812 854.437 855.812 858.593 940.687 1083.125 1085.500 1157.468 1180.718 1226.000 1244.281 1319.968 1340.875 1397.187 1433.250 1468.812 1571.093 1601.343 1691.937 1693.781 1745.187 1762.343 1812.187 1910.250 1939.687 1981.468 1983.312 1985.531 2009.656 2011.406 3076.281 3242.687 
33.781 36.687 50.125 53.031 74.500 230.593 256.250 257.718 288.125 301.562 375.437 419.250 422.531 552.187 597.093 644.062 671.750 727.875 736.093 739.812 754.312 854.406 855.781 858.218 920.062 942.312 970.062 1077.187 1156.656 1181.156 1309.343 1321.000 1343.562 1376.062 1406.312 1471.937 1499.843 1549.906 1570.906 1574.093 1616.031 1652.343 1691.375 1724.625 1761.968 1811.187 1884.843 1909.843 1982.062 1983.343 1987.656 2998.718 3515.968 
