92.312 97.218 98.875 101.937 124.812 237.968 241.093 246.656 273.343 327.468 328.687 333.156 344.531 361.218 460.125 516.093 519.687 589.156 611.218 780.437 781.625 783.406 818.750 852.562 854.500 871.531 873.187 905.687 907.437 1029.343 1030.875 1034.812 1067.468 1130.000 1132.968 1137.031 1161.843 1217.906 1264.875 1373.250 1382.093 1411.968 1551.718 1559.125 1642.468 1685.000 1719.156 1720.625 1765.718 1840.500 1862.781 1885.187 1888.125 1959.843 1963.312 1968.781 1981.937 2003.406 2117.406 2829.218 2854.250 3206.500 
28.750 30.250 85.968 87.125 89.312 96.531 101.000 124.656 153.125 176.218 232.593 246.250 324.218 326.468 359.531 404.937 450.000 451.406 453.437 490.656 509.343 516.812 553.875 586.750 653.250 716.437 719.156 777.781 780.093 782.625 812.156 868.906 873.593 904.750 1018.312 1034.968 1062.687 1126.812 1162.218 1207.906 1274.156 1364.281 1366.687 1412.406 1466.718 1532.500 1582.312 1654.343 1700.406 1709.437 1717.593 1762.062 1827.687 1844.250 1883.968 1951.062 1953.187 3200.562 3627.812 3921.093 
27.093 85.968 87.937 89.406 97.250 120.312 199.656 232.250 245.125 272.625 323.562 326.625 331.156 379.187 449.843 492.312 515.968 544.281 585.031 589.156 624.968 659.312 717.406 777.906 779.343 873.625 902.812 905.250 1017.718 1022.437 1028.000 1068.937 1131.093 1176.875 1260.812 1366.531 1368.406 1370.843 1413.593 1534.375 1603.156 1628.531 1708.812 1720.500 1830.281 1842.593 1885.468 1952.718 2002.093 2544.093 
28.062 86.312 87.312 90.218 96.437 98.750 121.062 165.531 197.625 226.375 231.625 238.750 283.312 323.562 329.968 361.187 450.125 475.781 505.281 654.531 719.062 723.031 777.812 779.562 816.625 854.843 870.625 903.375 1019.250 1021.875 1036.312 1128.843 1164.875 1366.875 1368.593 1387.906 1417.468 1463.281 1564.812 1568.375 1580.281 1701.687 1706.031 1709.531 1719.593 1761.406 1830.687 1842.156 1880.406 1954.531 2001.406 3542.843 
27.156 86.312 87.468 90.625 120.843 143.375 227.718 274.343 322.718 325.562 404.531 449.968 515.250 585.093 634.750 654.812 716.687 720.656 778.156 779.500 818.656 854.656 873.125 904.750 925.656 1018.000 1021.375 1028.062 1070.218 1208.625 1269.906 1365.687 1368.968 1416.656 1463.312 1501.593 1580.906 1707.593 1717.187 1842.218 1862.937 1886.000 1953.062 2001.531 2063.593 2489.156 2529.843 3951.906 
29.000 86.187 89.531 97.125 120.281 122.125 227.968 245.968 273.250 322.781 326.437 330.156 360.781 404.031 449.562 451.062 491.500 509.906 592.375 656.281 659.281 720.343 779.718 781.750 812.812 848.468 868.843 902.437 1017.562 1019.468 1036.375 1073.343 1131.625 1163.750 1180.250 1367.187 1371.968 1413.562 1465.906 1503.968 1534.500 1580.968 1604.000 1643.937 1707.593 1715.937 1763.937 1803.093 1836.218 1862.843 1884.281 1952.281 1957.468 2096.500 2737.156 2801.281 
28.156 86.406 87.812 90.000 99.781 119.437 120.906 142.875 174.468 228.625 230.968 245.531 273.156 323.125 325.406 392.687 405.000 450.593 511.625 586.406 653.750 661.625 716.906 719.812 777.968 780.906 854.656 931.843 1017.625 1018.843 1035.593 1066.093 1126.375 1130.125 1270.062 1366.562 1368.937 1415.187 1532.281 1581.375 1643.531 1708.406 1864.062 1882.187 1952.718 1956.125 2002.468 
27.687 86.250 87.500 90.562 141.750 228.187 239.812 245.562 273.062 322.531 324.937 329.843 399.625 449.875 451.375 510.125 513.843 539.843 587.812 653.812 715.968 777.312 779.781 812.718 853.875 871.812 904.656 933.093 1018.000 1021.812 1129.656 1134.250 1161.718 1208.312 1364.937 1368.718 1416.062 1488.531 1502.156 1534.750 1581.187 1602.031 1644.437 1707.718 1720.281 1762.593 1831.000 1843.531 1864.656 1884.156 1952.875 2001.406 
28.406 41.531 86.593 89.031 99.906 121.437 140.031 238.812 322.843 326.093 359.906 450.156 491.437 513.031 586.187 611.531 654.406 718.562 778.000 779.500 817.718 854.093 878.343 903.468 905.906 1017.937 1019.812 1127.500 1131.468 1175.312 1271.250 1366.343 1368.781 1413.500 1465.250 1527.218 1582.718 1602.125 1709.437 1762.437 1829.843 1885.031 1952.562 2003.062 2005.750 
26.562 31.718 85.781 87.000 91.093 97.843 120.093 228.125 234.031 273.156 322.312 325.156 331.187 361.687 399.843 405.031 450.250 451.656 491.218 587.312 622.968 653.156 717.593 777.750 779.218 818.875 874.000 902.687 905.343 1018.000 1019.406 1068.156 1110.531 1127.718 1208.937 1269.781 1365.968 1367.656 1472.187 1535.531 1580.812 1644.968 1702.531 1829.093 1832.937 1842.687 1951.593 1956.000 2001.531 2189.625 2291.343 3203.593 3488.750 3801.937 
