18.187 30.593 36.500 53.593 58.750 60.312 73.781 76.468 92.437 115.281 247.843 250.593 283.218 345.281 415.437 417.406 450.000 481.687 519.906 521.937 597.093 600.781 669.656 672.468 696.218 728.468 779.062 811.062 837.781 839.625 917.531 954.750 985.250 986.656 989.000 1031.218 1034.562 1139.343 1159.031 1194.500 1223.343 1263.375 1345.656 1417.718 1568.937 1572.468 1670.000 1695.250 1758.593 1855.312 1857.562 1875.750 1901.000 1978.156 1992.593 2001.937 
19.843 27.468 54.968 59.718 61.375 75.250 93.000 115.406 201.656 205.531 248.156 249.656 252.125 264.187 345.250 415.156 417.000 454.500 481.000 520.812 522.468 543.718 597.656 601.343 670.218 672.281 691.687 727.031 780.250 839.125 845.718 916.562 953.062 985.531 990.875 1140.093 1160.968 1227.500 1237.093 1251.625 1344.062 1346.500 1384.656 1419.437 1526.125 1569.906 1572.656 1668.968 1670.437 1701.375 1790.437 1855.562 1858.531 1955.500 2001.343 2004.218 
19.718 27.843 55.093 59.437 73.625 75.875 92.406 116.750 202.406 247.687 249.000 323.875 353.062 415.343 418.093 457.312 479.781 521.187 524.218 596.437 600.468 654.937 669.687 671.781 726.593 729.593 778.937 837.843 841.906 845.750 917.625 954.406 961.031 984.937 987.156 991.500 1093.437 1143.125 1193.593 1217.656 1219.656 1236.156 1250.343 1265.687 1344.906 1349.031 1418.031 1522.656 1569.468 1571.531 1670.468 1673.750 1766.875 1854.375 1856.250 1991.343 1993.812 2002.343 3775.531 
18.125 22.218 28.750 55.000 59.531 74.406 93.218 115.312 248.093 250.218 267.718 323.937 346.031 414.468 416.437 456.500 480.656 518.625 521.875 547.406 597.093 600.781 655.500 670.625 726.875 778.250 837.406 839.281 846.656 915.656 955.156 961.812 985.281 988.187 992.437 1025.781 1139.906 1196.125 1218.187 1226.000 1262.500 1342.750 1344.812 1383.312 1528.437 1570.343 1571.875 1670.062 1674.281 1854.343 1856.437 1958.875 1992.781 2002.562 2091.218 3548.562 
20.406 39.593 56.000 59.468 61.968 75.625 93.312 117.562 202.906 247.781 252.031 263.750 351.562 415.687 417.593 479.687 526.687 597.000 601.437 653.781 670.218 692.187 729.281 781.250 837.687 845.625 888.062 917.968 953.281 989.500 992.406 1057.968 1142.218 1220.250 1224.312 1250.343 1262.718 1345.468 1347.468 1383.718 1402.562 1440.843 1464.812 1567.968 1570.406 1572.312 1669.343 1760.156 1771.812 1854.250 1858.406 1955.968 1996.031 2002.437 2004.750 2236.000 3255.937 3278.343 3463.625 
18.093 29.593 38.593 54.843 56.562 60.625 75.062 92.875 201.968 249.156 251.968 415.375 417.843 524.562 597.843 601.343 669.687 692.218 779.062 837.687 842.906 916.968 953.281 961.437 985.812 990.781 1033.781 1220.437 1224.437 1232.968 1263.343 1344.187 1347.500 1401.906 1414.437 1568.125 1571.593 1669.562 1673.687 1766.468 1855.312 1859.093 1874.968 1974.156 2001.500 2003.062 2349.437 2596.125 2635.031 
20.500 29.062 55.937 59.750 61.218 74.531 94.750 204.218 249.062 254.031 264.000 327.218 344.750 415.875 417.843 466.187 521.093 542.156 597.531 600.031 654.531 671.125 673.468 693.031 703.562 728.125 780.281 837.812 844.875 886.593 952.250 962.750 990.500 992.968 1033.781 1143.468 1218.156 1250.937 1262.812 1343.781 1346.031 1388.781 1418.875 1504.312 1528.187 1567.406 1571.062 1669.218 1673.437 1694.468 1791.625 1854.406 1862.250 2000.750 2003.750 2936.562 
18.562 28.500 37.093 56.531 60.718 75.000 92.625 115.531 200.906 202.937 248.062 253.656 324.125 344.812 415.343 416.718 457.406 482.750 522.625 526.531 546.656 598.000 601.093 654.906 670.093 775.593 836.687 848.656 913.187 954.531 985.750 988.625 1028.312 1059.781 1124.093 1216.468 1244.343 1344.375 1346.406 1401.937 1440.062 1524.437 1569.906 1572.375 1669.843 1674.875 1757.718 1786.843 1855.093 1857.656 1875.531 2001.718 2003.343 2252.562 2424.500 2917.750 
18.781 29.875 54.218 59.687 63.843 74.062 76.656 92.875 94.531 116.343 247.500 250.593 415.156 416.906 419.500 456.906 480.000 519.781 523.093 544.906 547.875 596.750 598.750 655.281 668.531 670.500 681.125 703.343 725.968 836.812 841.562 916.218 953.718 960.500 985.375 991.312 1142.687 1162.375 1218.937 1228.781 1252.250 1262.375 1345.125 1346.562 1382.937 1417.562 1532.312 1540.000 1569.843 1571.593 1670.187 1673.437 1727.843 1854.937 1858.250 1957.968 1993.375 2002.500 2004.218 2944.656 3490.343 
19.562 28.687 36.093 54.750 60.062 73.906 93.062 115.562 203.593 248.562 250.250 308.531 325.375 415.625 417.062 521.593 597.062 599.875 654.437 670.468 673.218 692.093 780.625 837.937 846.343 916.406 954.093 985.562 992.812 1145.187 1219.000 1261.968 1344.187 1346.031 1416.437 1523.468 1570.437 1572.156 1669.968 1671.875 1709.781 1855.406 1858.375 1874.937 1993.437 2001.250 2002.875 3211.718 
