30.562 35.406 49.843 52.406 80.937 129.843 134.531 189.531 200.062 249.937 314.437 333.968 336.625 399.406 457.156 523.562 614.062 633.656 660.500 666.656 717.437 762.437 812.718 867.312 972.312 977.125 1085.375 1094.312 1105.906 1207.125 1262.656 1328.500 1381.062 1382.625 1416.843 1427.875 1506.125 1520.093 1550.218 1588.843 1630.218 1744.625 1823.218 1829.875 1875.531 1900.875 1933.250 3371.406 
31.531 34.937 51.187 63.875 74.906 85.843 129.125 190.500 214.500 244.937 250.375 284.500 311.312 338.062 400.906 635.906 665.062 687.750 706.531 796.750 814.312 822.187 930.781 975.468 979.281 1047.875 1063.343 1084.781 1114.218 1158.656 1206.750 1209.125 1305.250 1324.843 1326.812 1380.906 1429.437 1552.062 1604.406 1629.375 1669.968 1744.781 1748.625 1823.812 1828.687 1859.937 3722.781 
30.906 34.593 52.718 64.937 78.812 85.250 137.468 158.156 191.468 213.937 252.281 317.562 400.687 458.656 525.093 562.250 593.875 663.187 686.718 708.625 766.968 790.812 812.593 931.750 955.031 1051.562 1064.156 1121.000 1207.531 1211.437 1261.531 1325.375 1417.687 1432.687 1506.281 1594.750 1597.281 1659.375 1745.000 1828.562 1907.625 1934.468 1958.125 2073.812 2133.843 3095.187 3534.250 
30.218 36.781 49.812 77.781 211.125 252.312 313.781 334.125 347.906 390.312 437.781 459.250 524.125 634.500 638.312 661.437 663.562 759.656 763.750 813.687 841.687 976.781 1050.968 1064.125 1085.187 1096.593 1159.062 1208.375 1262.031 1305.593 1325.593 1369.406 1382.218 1416.406 1419.843 1501.937 1521.062 1619.343 1658.906 1747.375 1826.250 1957.531 3288.125 3405.531 
30.750 35.218 39.312 50.156 75.531 132.031 192.562 212.968 250.906 314.656 354.093 378.750 398.906 458.312 523.875 562.906 594.375 663.812 695.718 716.843 762.218 799.062 814.125 822.593 972.718 978.437 1012.562 1048.187 1063.500 1098.093 1113.156 1207.812 1306.062 1381.156 1418.718 1424.062 1458.000 1506.437 1550.875 1595.656 1670.312 1744.312 1751.281 1825.218 1959.656 2000.250 2004.156 3408.500 3837.031 
31.843 33.406 36.531 50.031 51.843 79.625 131.625 213.343 250.000 252.031 333.406 400.000 408.781 458.812 523.718 634.875 637.468 664.656 696.531 703.625 762.625 813.156 824.968 908.125 955.156 975.687 1064.000 1084.000 1167.468 1261.781 1305.812 1327.187 1384.500 1418.781 1428.281 1453.468 1502.531 1550.531 1595.156 1677.593 1735.656 1745.843 1776.718 1822.687 1934.250 2012.718 
30.843 34.375 52.312 73.468 130.125 194.312 252.468 312.843 333.062 347.750 399.937 522.625 635.531 663.375 665.562 687.750 697.406 706.906 762.937 812.187 952.562 976.843 1046.812 1064.750 1149.531 1206.625 1208.500 1306.062 1325.187 1424.906 1431.312 1502.031 1520.781 1547.406 1578.781 1607.125 1626.843 1744.468 1749.625 1830.156 1909.093 1959.125 2269.656 2815.468 3166.687 3189.968 
32.093 34.656 50.468 76.031 85.062 131.531 192.750 212.843 251.156 259.062 315.593 337.187 400.968 435.968 457.437 505.281 523.218 582.812 634.843 664.593 706.843 718.593 762.250 800.843 811.343 815.687 843.812 933.812 1046.750 1065.687 1097.843 1206.625 1208.218 1261.187 1265.593 1304.468 1324.593 1326.500 1423.875 1500.781 1608.156 1626.406 1734.375 1745.781 1823.156 1932.156 2608.812 2871.875 3447.406 
31.187 35.656 37.937 50.875 75.531 85.812 132.468 192.125 251.375 315.468 334.750 401.406 459.093 522.468 662.093 693.343 718.781 762.500 813.531 930.343 952.437 1048.812 1062.906 1085.187 1207.625 1262.812 1305.000 1658.687 1670.375 1745.000 1824.937 1829.343 1934.718 
31.875 36.156 52.062 77.843 130.687 190.843 194.437 211.687 251.437 313.187 347.531 402.531 458.156 497.781 522.937 563.093 612.093 635.750 662.375 696.531 763.875 811.750 814.531 844.468 953.250 978.093 1004.593 1047.750 1063.406 1098.656 1206.906 1208.437 1211.968 1262.968 1295.375 1325.437 1430.187 1502.031 1548.406 1597.062 1609.312 1622.281 1743.875 1748.281 1776.343 1820.000 1822.031 1825.750 1907.000 1957.812 
