49.593 53.187 57.687 60.218 80.343 82.125 144.781 147.906 157.906 159.500 363.125 385.593 391.812 418.656 474.750 476.468 478.500 485.343 556.468 608.000 611.281 641.843 652.031 671.500 769.468 809.093 819.468 824.531 871.750 883.718 886.531 1001.156 1004.218 1016.250 1035.500 1096.781 1098.500 1121.781 1199.750 1206.812 1255.468 1256.843 1282.562 1284.156 1305.718 1310.656 1375.937 1381.406 1395.531 1507.000 1516.843 1545.343 1587.281 1590.062 1622.500 1627.500 1667.031 1693.531 1700.843 1707.062 1720.343 1870.343 1889.781 1912.000 1953.750 1956.531 1961.750 1974.812 2242.406 3208.531 3304.781 3444.968 3629.937 3700.125 
52.781 56.812 59.875 80.656 85.375 103.468 144.781 146.562 156.187 159.906 362.375 386.062 389.906 418.531 464.500 474.968 476.156 478.812 502.000 507.562 556.312 610.593 612.968 642.250 670.093 673.281 758.750 771.687 817.968 883.218 884.437 886.406 1001.500 1004.656 1006.218 1034.093 1096.812 1099.218 1121.031 1202.375 1206.281 1256.437 1283.218 1284.437 1305.656 1377.718 1382.281 1394.906 1507.437 1532.156 1587.625 1589.406 1592.750 1623.562 1700.937 1707.093 1719.125 1872.031 1901.812 1915.843 1953.343 
28.500 45.906 48.843 50.312 78.125 80.718 99.531 120.781 142.000 158.812 182.187 203.562 364.031 386.781 403.593 416.187 468.906 474.093 500.687 502.093 546.843 551.218 581.968 607.250 611.375 643.656 667.593 670.468 689.437 758.156 763.562 765.968 800.687 821.093 828.062 883.437 989.093 997.437 1091.281 1123.750 1197.000 1199.062 1254.750 1283.781 1286.187 1322.031 1372.625 1376.750 1483.281 1505.218 1542.625 1570.656 1586.937 1613.062 1622.500 1695.375 1700.312 1774.437 1852.093 1868.718 1870.937 1907.937 1988.687 2242.500 
25.218 46.156 48.062 94.718 140.125 147.718 157.343 304.250 361.625 364.718 387.500 402.625 417.625 469.718 473.656 475.593 501.031 548.468 581.031 607.343 647.656 669.656 757.093 759.937 824.000 883.093 909.343 925.031 990.343 1005.125 1035.406 1091.718 1124.187 1197.062 1200.156 1254.843 1283.406 1285.031 1312.718 1374.281 1436.843 1473.625 1480.718 1500.437 1592.656 1696.218 1868.312 1870.500 1916.875 1954.750 1991.000 2998.687 
28.125 45.500 46.781 50.187 80.250 143.468 158.531 184.000 203.343 310.281 362.625 386.562 405.500 458.656 469.812 473.375 474.906 500.875 547.218 551.250 585.156 606.312 648.750 668.468 671.593 689.000 758.093 819.437 827.437 882.593 997.125 1006.906 1035.875 1093.906 1197.937 1201.187 1254.875 1257.781 1283.281 1285.375 1314.812 1373.218 1376.531 1492.531 1508.562 1586.937 1614.906 1621.750 1696.937 1700.500 1868.593 1870.406 1962.093 2769.468 
28.375 45.375 49.218 55.187 142.437 146.656 160.937 183.031 204.156 361.531 364.906 387.187 401.468 415.468 470.875 473.562 477.531 502.000 522.562 553.562 581.281 612.531 647.843 668.031 670.593 689.000 757.812 760.531 825.000 883.562 885.750 907.656 996.625 1004.656 1034.250 1054.750 1091.718 1094.531 1124.031 1198.250 1199.781 1254.531 1256.250 1283.281 1285.718 1311.562 1373.843 1376.593 1436.812 1492.375 1569.343 1588.562 1616.125 1666.437 1695.718 1699.250 1848.437 1859.406 1870.218 1871.906 1890.781 1935.343 1980.250 1991.750 2431.062 2951.000 3944.843 
27.406 46.375 49.937 53.906 98.843 140.156 161.250 171.875 304.562 364.593 386.750 416.687 469.531 474.031 499.687 502.343 549.843 579.593 583.906 607.593 668.406 670.250 689.125 757.656 827.812 883.062 886.468 909.281 937.156 996.250 1035.468 1038.718 1092.406 1121.750 1198.000 1219.531 1254.281 1259.562 1283.531 1284.875 1311.062 1344.750 1372.875 1375.718 1438.312 1480.843 1506.468 1588.437 1617.062 1695.593 1808.593 1868.250 1871.125 1917.781 1959.093 2327.687 
27.656 32.906 45.156 50.937 83.593 96.906 140.156 160.250 185.406 227.531 306.093 363.343 386.687 402.750 416.500 470.218 473.875 499.968 549.031 581.406 609.031 612.281 647.875 668.656 671.156 757.593 765.156 822.968 826.656 883.968 996.281 1003.343 1034.968 1051.312 1058.437 1092.687 1121.843 1196.562 1199.843 1254.937 1256.656 1283.875 1309.593 1313.218 1374.937 1378.593 1437.937 1483.031 1503.937 1586.093 1614.312 1622.625 1695.937 1699.343 1725.218 1868.468 1870.125 1953.031 1960.906 1990.093 
25.000 45.218 50.343 53.562 80.750 142.156 159.093 202.281 204.250 362.031 366.375 384.562 415.937 472.312 474.500 476.500 500.937 544.687 580.718 611.593 641.625 669.000 672.562 689.531 757.906 823.093 884.156 908.437 998.218 1034.750 1037.375 1092.062 1099.312 1122.156 1195.968 1255.625 1258.218 1283.500 1284.812 1310.937 1344.625 1372.593 1376.562 1395.187 1436.812 1571.468 1586.937 1613.750 1623.781 1665.343 1696.187 1743.906 1868.531 1870.625 1954.281 1975.031 1990.625 
32.437 45.781 48.812 80.593 98.093 145.250 157.406 183.156 223.593 301.937 364.375 366.718 386.531 388.281 403.156 417.812 454.000 467.906 473.718 500.750 545.968 552.906 581.031 609.531 646.562 667.343 672.093 689.218 757.250 765.625 819.468 823.468 882.875 997.250 1034.500 1038.718 1091.812 1096.468 1123.281 1197.000 1255.031 1259.156 1283.156 1284.687 1310.156 1373.687 1376.906 1503.593 1586.937 1615.093 1644.375 1696.281 1699.343 1721.125 1766.843 1869.218 1870.593 1906.218 1961.093 3673.250 
