21.218 22.625 24.906 74.312 77.593 91.781 114.500 164.875 178.968 203.906 288.125 336.812 348.968 358.312 429.437 471.250 570.156 662.656 666.406 676.125 733.343 758.312 775.906 778.250 873.375 877.625 963.562 987.000 1035.531 1037.312 1098.500 1167.687 1181.500 1208.531 1257.281 1313.906 1337.343 1339.187 1379.343 1404.687 1444.625 1510.156 1569.968 1572.375 1614.468 1642.500 1675.000 1721.468 1726.656 1749.281 1788.343 1830.812 1905.781 1938.343 1958.250 
21.156 22.687 24.812 41.531 52.093 69.781 75.156 88.031 110.968 164.875 173.125 193.843 320.062 338.437 357.687 375.125 426.750 528.375 568.968 665.218 668.156 710.312 735.218 758.062 775.281 834.218 873.250 875.093 888.312 959.406 987.375 992.031 1037.062 1040.468 1097.687 1167.531 1180.250 1208.000 1255.781 1257.468 1337.125 1338.375 1341.843 1380.656 1404.375 1445.687 1468.281 1506.343 1519.843 1571.468 1641.062 1674.812 1717.250 1728.218 1750.062 1780.687 1851.843 1907.531 1915.937 1942.593 1957.625 
21.031 22.281 25.218 49.312 69.343 93.218 110.906 166.031 194.281 291.156 308.750 330.562 343.187 358.843 375.187 429.812 515.406 531.218 570.531 666.281 676.000 708.656 734.531 737.906 759.218 775.687 871.906 874.718 889.625 959.718 965.937 988.375 993.531 1036.156 1039.937 1101.562 1169.281 1182.093 1255.906 1259.531 1336.000 1337.781 1339.343 1379.625 1404.906 1514.968 1616.625 1638.687 1647.750 1675.406 1725.718 1728.187 1850.687 1907.312 1913.500 1957.781 3028.375 3142.968 
21.312 25.093 31.031 77.531 92.375 116.750 165.625 194.125 289.125 336.406 342.750 357.687 374.500 428.156 472.406 520.375 563.375 571.593 664.156 666.812 733.281 735.312 776.250 873.843 876.593 955.125 964.781 987.562 992.031 1036.031 1040.750 1099.187 1167.968 1182.406 1206.000 1255.781 1258.343 1282.937 1337.031 1338.343 1340.000 1378.687 1406.500 1445.062 1470.906 1521.281 1571.968 1637.656 1722.812 1725.312 1727.781 1761.312 1789.343 1850.343 1913.656 1940.843 
21.187 24.625 42.281 70.468 77.062 89.093 116.218 163.468 167.468 196.062 337.406 358.750 374.281 426.750 472.687 529.031 572.375 610.812 666.218 670.500 710.062 733.937 736.031 757.750 775.718 850.468 872.281 874.718 888.656 965.000 987.656 990.218 1035.343 1044.875 1071.187 1098.937 1166.750 1168.281 1256.000 1257.687 1336.625 1338.062 1379.312 1407.343 1445.468 1510.968 1520.468 1570.781 1573.875 1647.093 1649.187 1674.500 1722.500 1726.218 1729.500 1763.781 1830.593 1850.406 1906.125 2483.875 
21.062 22.281 25.281 51.343 74.125 93.406 111.750 116.906 165.218 169.156 196.468 293.812 358.000 471.218 521.781 570.375 666.406 675.218 703.718 733.843 776.156 779.062 873.218 876.625 956.968 989.281 993.500 1036.468 1098.718 1170.625 1179.968 1212.750 1255.468 1260.968 1313.375 1338.031 1339.375 1379.937 1405.750 1465.781 1486.343 1511.312 1521.156 1571.031 1613.281 1632.093 1722.468 1727.312 1789.000 1823.906 1906.250 1914.218 3069.343 
21.468 23.625 58.593 73.531 94.156 110.968 165.000 194.593 252.312 293.750 343.281 358.906 374.062 428.468 473.093 570.343 665.468 666.968 704.375 733.218 736.781 762.812 776.156 872.343 874.031 963.937 987.718 1035.156 1097.687 1166.875 1176.718 1206.562 1254.656 1257.625 1313.968 1336.468 1338.375 1341.468 1404.656 1513.500 1612.718 1637.625 1648.312 1674.281 1721.343 1727.531 1781.312 1849.000 1906.562 1910.156 2516.937 
21.312 53.812 72.718 164.875 194.218 294.718 342.468 360.687 428.718 570.156 665.500 706.937 732.968 736.125 775.375 777.437 873.031 876.156 889.812 963.343 988.218 995.125 1036.125 1040.000 1058.562 1169.156 1257.281 1264.375 1311.687 1338.968 1378.531 1467.468 1519.125 1572.218 1646.531 1677.218 1722.281 1727.718 1760.812 1787.718 1849.781 1906.500 1909.406 1950.531 
21.656 23.062 25.656 74.375 91.656 115.718 164.812 170.406 196.187 203.468 284.125 288.218 343.625 357.000 426.750 470.656 570.281 662.062 665.750 711.093 734.375 775.375 793.281 869.906 890.093 934.312 955.468 967.250 988.250 995.875 1036.906 1167.906 1173.343 1184.406 1255.500 1260.093 1334.656 1337.125 1340.718 1405.062 1500.562 1514.156 1571.437 1635.781 1649.937 1699.812 1722.937 1727.093 1755.562 1779.687 1791.687 1831.093 1905.468 1908.156 
21.312 22.468 25.531 32.625 59.531 73.687 86.906 112.187 161.375 163.937 167.125 194.781 290.000 294.750 340.468 357.437 427.312 470.906 570.156 658.906 664.125 665.718 733.656 736.125 775.562 777.906 873.031 875.531 889.281 962.375 964.000 990.875 993.906 1035.968 1098.875 1171.031 1255.656 1258.968 1336.375 1338.375 1340.343 1382.343 1405.156 1450.875 1510.062 1520.781 1571.187 1638.281 1647.125 1650.781 1674.812 1722.687 1726.093 1760.281 1848.562 1907.062 1912.343 1958.187 3515.843 
