78.906 81.656 168.812 202.406 204.843 252.343 258.750 294.562 298.531 330.250 345.968 379.593 437.562 453.062 455.281 497.062 527.125 532.750 579.500 582.062 710.875 712.406 789.593 790.687 792.875 796.750 890.656 907.218 910.656 953.687 984.656 1083.687 1092.125 1187.625 1214.156 1224.500 1259.500 1262.406 1381.406 1465.625 1469.937 1493.281 1548.218 1569.875 1572.656 1586.812 1603.281 1634.375 1687.500 1725.343 1775.687 1783.656 1855.781 1942.875 1944.406 1947.781 2648.750 3614.781 
40.656 77.625 79.500 103.593 104.843 124.906 205.343 294.093 296.125 329.843 331.937 341.625 439.406 453.406 454.843 497.406 528.125 537.968 581.125 582.718 710.937 712.250 790.187 791.718 794.812 830.000 847.437 888.125 908.093 953.937 956.187 984.687 1091.406 1180.375 1186.406 1205.562 1214.937 1225.250 1259.656 1265.312 1385.187 1468.750 1547.656 1549.406 1569.843 1685.406 1686.718 1729.625 1746.375 1775.906 1777.625 1813.468 1855.937 1943.000 2988.406 
18.562 23.250 30.187 39.937 70.656 72.031 75.843 103.218 125.156 198.437 245.375 247.031 258.500 285.125 288.375 336.593 350.156 369.000 387.656 396.593 418.843 450.437 454.218 455.781 493.687 526.781 540.125 575.906 632.468 670.968 681.031 698.593 708.031 729.625 773.468 785.031 789.156 824.281 882.031 906.531 953.625 984.187 1002.968 1072.000 1171.093 1186.812 1215.562 1256.093 1258.000 1353.062 1354.187 1378.593 1380.656 1408.281 1451.781 1453.812 1547.875 1572.125 1588.656 1635.312 1650.625 1685.562 1691.000 1746.781 1773.312 1775.937 1852.562 1929.718 1942.218 1957.656 
18.562 23.062 29.875 39.343 71.062 75.875 79.750 103.343 198.406 202.468 244.906 258.218 286.937 293.343 335.656 351.968 370.812 390.281 419.312 453.656 455.218 493.750 531.468 541.593 576.687 672.781 697.343 729.531 774.000 789.531 883.312 908.750 955.968 1002.218 1066.093 1071.937 1170.562 1186.468 1213.406 1215.781 1256.218 1260.000 1352.781 1355.656 1379.593 1408.687 1452.375 1465.500 1509.093 1542.937 1548.437 1570.062 1587.156 1635.625 1650.500 1689.406 1691.406 1746.062 1775.562 1777.281 1816.031 1849.250 1928.812 1943.593 2573.000 2655.187 2773.500 2944.125 
19.437 29.593 30.937 41.531 70.531 72.000 78.468 104.125 199.000 203.843 244.656 246.562 285.187 292.625 295.312 331.093 332.843 350.375 370.468 387.968 423.218 449.937 455.312 536.343 575.250 637.093 729.812 773.750 786.093 790.125 882.500 890.968 906.687 953.562 984.500 1085.093 1111.812 1155.375 1171.093 1186.375 1215.281 1255.875 1257.937 1302.156 1353.187 1378.718 1383.500 1408.750 1451.968 1460.468 1510.750 1548.156 1571.468 1636.531 1649.875 1676.406 1690.593 1743.812 1775.875 1777.375 1851.687 1854.531 1940.468 2356.562 3920.906 
19.062 21.812 30.281 41.375 71.000 72.500 75.468 195.062 198.906 201.187 245.812 247.625 250.656 259.343 287.593 292.468 320.000 332.531 334.906 350.562 369.906 390.343 454.187 455.812 493.906 496.156 528.218 574.812 618.968 638.687 641.656 670.000 673.250 733.281 774.156 788.093 790.250 792.750 881.031 884.062 955.000 975.250 984.875 1002.281 1076.937 1170.593 1188.625 1216.218 1226.781 1256.968 1259.531 1268.875 1353.906 1356.093 1379.375 1408.000 1409.906 1452.562 1546.375 1572.343 1586.656 1637.531 1649.593 1690.031 1692.812 1741.187 1775.531 1776.843 1784.718 1853.031 1943.750 2995.687 3702.093 3904.906 3906.343 3908.406 3911.843 
17.656 21.281 38.312 71.406 72.468 77.062 80.312 103.312 198.812 201.968 243.593 246.187 287.906 290.625 322.031 331.531 349.812 371.093 418.906 432.125 453.687 483.656 493.937 528.062 544.406 580.937 639.625 672.468 679.906 697.218 708.406 773.156 787.531 822.875 883.250 908.312 929.500 956.250 1002.031 1003.562 1070.625 1156.156 1186.375 1216.781 1227.562 1256.468 1353.000 1356.406 1378.781 1381.562 1408.437 1451.906 1455.031 1549.468 1570.468 1587.875 1636.187 1675.843 1690.281 1725.375 1776.062 1852.625 1942.843 1975.156 
18.812 29.437 36.625 40.875 70.593 74.656 78.250 122.468 180.187 198.437 202.125 244.375 256.656 288.531 292.843 332.781 351.500 390.250 424.375 454.281 456.156 526.531 538.031 577.250 640.000 670.812 698.718 711.281 729.875 773.718 786.031 788.781 825.343 883.531 952.968 976.906 984.750 1002.281 1096.781 1170.062 1226.468 1256.656 1352.750 1354.218 1356.218 1378.843 1381.531 1408.375 1452.531 1456.375 1547.812 1574.125 1604.562 1634.625 1672.562 1690.468 1747.312 1775.468 1777.593 1814.656 1851.093 1853.625 1942.312 1945.312 2245.750 2496.437 3648.843 
18.062 27.000 40.250 71.250 72.343 75.937 79.375 116.375 140.312 197.906 202.875 243.062 248.250 258.593 287.812 292.812 332.968 351.031 397.406 417.718 433.531 454.000 455.468 495.093 528.218 538.281 673.187 698.281 730.437 785.968 788.500 791.812 826.531 882.500 888.593 953.375 1002.562 1070.406 1185.500 1216.343 1257.031 1353.656 1355.531 1378.968 1408.656 1453.093 1456.562 1495.062 1545.906 1549.437 1571.718 1635.875 1673.593 1690.562 1692.437 1719.312 1748.218 1776.093 1778.093 1817.656 1852.562 1939.718 2877.687 
19.312 22.656 40.000 70.312 71.687 76.468 79.218 102.187 198.625 213.187 244.312 246.843 260.312 288.625 293.031 332.718 369.250 394.281 432.968 453.812 493.656 500.625 537.750 638.218 670.875 699.062 707.843 730.406 774.000 786.062 788.062 821.968 881.906 884.156 908.281 952.125 983.312 1054.500 1170.156 1172.281 1256.125 1258.437 1352.468 1354.562 1358.281 1380.187 1408.218 1452.125 1454.312 1511.500 1549.250 1571.906 1573.500 1586.312 1635.406 1648.531 1674.031 1775.343 1850.812 1937.062 1943.781 2529.812 3726.781 
