26.093 28.687 52.406 59.000 73.031 76.656 103.218 104.406 138.250 142.343 180.468 272.718 275.593 338.562 340.125 353.968 364.843 383.125 387.031 430.343 461.562 463.906 501.750 538.625 651.218 655.593 663.281 691.281 719.187 729.500 730.906 778.468 815.250 878.187 884.625 909.343 945.093 971.656 1042.406 1099.468 1108.968 1209.625 1220.781 1237.531 1246.343 1319.468 1351.531 1352.656 1359.187 1393.750 1453.562 1487.875 1605.093 1607.750 1661.437 1698.250 1753.343 1761.781 1778.218 1798.812 1870.343 1904.531 1925.562 2033.562 
25.656 50.593 72.781 103.562 105.375 137.312 141.937 144.843 178.281 274.406 279.562 337.906 356.031 386.593 435.500 460.437 538.750 556.750 651.156 655.718 689.687 718.156 731.593 815.593 880.812 885.562 971.593 1042.562 1099.312 1103.250 1126.156 1194.937 1210.281 1248.750 1301.562 1351.093 1352.406 1393.843 1420.468 1453.906 1491.906 1522.375 1605.187 1614.125 1667.687 1698.968 1763.937 1800.218 1901.656 1905.906 1944.531 2011.406 2246.593 2610.437 3768.437 3771.031 
26.562 50.031 60.593 72.406 74.000 102.406 103.593 106.250 137.531 142.750 176.968 272.562 277.781 317.218 386.687 432.281 462.875 478.593 495.343 535.562 541.156 560.093 650.531 653.187 662.093 691.750 717.937 782.156 882.281 886.250 909.375 912.656 977.093 1098.812 1100.375 1126.343 1173.031 1214.687 1222.218 1247.875 1350.906 1352.625 1395.562 1420.187 1424.312 1521.468 1606.250 1664.937 1698.125 1699.968 1723.375 1737.718 1763.750 1774.656 1800.125 1900.656 1906.656 1951.906 
26.250 56.218 60.343 72.218 103.156 135.937 143.187 179.500 200.031 275.531 281.906 338.468 340.781 357.500 385.093 463.375 479.406 533.968 539.968 561.093 652.281 655.562 670.437 718.187 814.687 884.187 909.781 971.250 1010.125 1098.156 1100.968 1103.906 1127.437 1176.625 1214.031 1246.562 1351.343 1352.500 1354.593 1395.468 1421.218 1493.375 1594.437 1604.500 1665.968 1699.187 1701.875 1763.656 1807.343 1870.781 1901.906 1907.000 1942.406 2003.656 2721.062 2900.500 
25.968 56.937 73.218 103.500 105.031 141.281 145.156 178.593 274.281 277.843 337.843 342.562 383.000 386.187 464.593 479.500 529.656 539.218 650.875 654.718 692.375 718.625 731.281 800.562 818.906 883.031 885.250 908.218 911.718 970.562 1007.718 1100.031 1104.718 1125.281 1128.062 1202.843 1210.562 1221.750 1236.312 1303.750 1351.375 1352.968 1355.343 1395.250 1422.031 1438.375 1486.937 1537.687 1588.250 1606.437 1653.406 1698.718 1708.531 1763.781 1778.406 1801.125 1815.656 1900.656 1905.156 1941.406 3227.968 
26.468 56.156 73.593 74.906 103.250 144.218 183.968 274.250 316.031 338.031 386.187 433.375 460.281 481.718 536.437 561.375 652.218 686.156 719.468 784.093 815.156 880.656 884.000 887.531 1099.812 1125.968 1130.187 1213.625 1220.968 1249.125 1350.906 1352.875 1377.656 1395.687 1490.031 1657.718 1698.812 1761.750 1907.687 1943.218 3345.125 
26.031 30.437 73.531 103.687 133.375 183.937 274.656 279.343 340.968 355.750 387.031 435.000 460.875 481.562 530.000 560.718 650.968 668.437 717.125 731.281 761.062 817.125 880.375 885.500 909.906 968.843 972.750 1011.000 1099.875 1104.125 1126.906 1217.437 1236.906 1314.812 1351.437 1352.718 1378.781 1394.687 1488.406 1533.875 1605.031 1697.812 1699.843 1803.500 1870.593 2000.812 2515.875 2863.156 3074.593 
26.937 73.093 103.750 142.250 181.843 273.687 275.375 308.000 338.406 341.468 400.093 535.968 650.593 654.062 690.156 718.468 738.937 778.937 816.531 881.281 883.656 954.437 1099.156 1100.937 1172.375 1195.687 1211.000 1222.375 1236.718 1351.125 1353.031 1395.843 1421.656 1489.937 1521.406 1607.656 1629.187 1697.312 1700.781 1762.562 1800.531 1882.500 1945.125 
26.031 53.843 72.000 73.281 103.250 105.062 139.875 181.718 273.468 317.656 337.281 340.000 354.406 386.625 400.500 432.937 462.781 479.968 537.000 541.562 565.281 614.812 651.750 662.062 719.906 792.156 815.625 881.656 888.531 909.562 972.718 1099.531 1101.375 1126.562 1158.843 1211.593 1222.250 1249.718 1351.343 1352.625 1454.062 1605.343 1664.875 1698.500 1700.375 1761.187 1801.750 1818.875 1905.093 1926.500 1969.625 2982.875 
25.093 27.531 51.937 72.718 73.906 103.656 105.656 142.281 180.000 273.531 275.125 338.812 356.000 385.593 479.656 493.812 534.812 562.718 651.406 653.000 792.468 880.500 884.750 886.625 909.468 945.468 971.062 974.906 1099.937 1106.500 1126.375 1212.031 1222.218 1237.531 1246.875 1328.437 1350.218 1351.000 1352.906 1377.062 1396.000 1424.125 1487.093 1606.562 1614.125 1654.343 1699.156 1766.406 1901.875 1907.000 1944.406 2000.906 
