25.093 26.843 28.281 76.625 86.218 155.875 157.000 159.968 185.531 203.468 325.218 343.281 344.656 441.250 472.750 475.593 492.968 528.937 563.531 569.125 697.125 736.812 748.156 781.312 782.968 871.906 948.562 1023.156 1072.781 1122.531 1145.531 1146.812 1148.625 1150.781 1178.531 1199.375 1270.718 1314.250 1379.687 1490.218 1495.000 1525.093 1737.343 1741.625 1757.468 1844.187 1846.218 1858.218 1981.500 1983.406 2007.812 3201.343 
18.343 20.656 25.031 67.750 74.062 85.875 153.062 154.625 163.656 186.031 296.781 343.000 346.031 415.843 422.656 424.343 442.250 469.500 487.250 494.781 525.031 527.625 560.468 568.156 607.781 659.750 663.562 734.031 738.281 754.156 778.531 782.062 836.593 856.437 922.250 950.312 1009.125 1018.187 1068.812 1113.531 1141.437 1142.531 1148.062 1202.312 1286.687 1289.968 1316.781 1325.750 1357.343 1376.843 1432.375 1434.968 1488.156 1523.218 1723.593 1726.687 1768.968 1843.062 1902.625 1973.312 1985.093 2009.031 
18.468 19.718 22.750 53.937 73.343 152.250 153.906 186.000 296.062 297.937 314.968 319.250 344.312 356.125 424.375 427.375 442.562 525.093 527.500 562.125 585.562 607.812 611.218 630.375 662.562 733.656 735.562 778.968 780.468 782.187 806.656 838.093 852.843 922.093 1016.937 1064.218 1113.343 1141.500 1143.250 1145.000 1202.281 1298.500 1315.281 1320.312 1432.156 1484.281 1533.687 1597.156 1665.625 1723.937 1765.906 1814.750 1843.562 1882.125 1955.093 1973.437 1980.906 2009.687 3574.343 
19.375 23.250 37.375 74.343 76.218 85.593 153.125 155.531 160.250 186.781 214.718 298.156 314.906 348.406 365.281 424.750 470.343 525.343 528.031 562.531 583.500 606.906 658.187 664.125 711.406 733.375 735.687 778.156 784.687 808.375 840.250 1014.468 1058.781 1113.375 1141.156 1142.593 1203.718 1234.656 1298.437 1315.031 1356.468 1432.625 1478.312 1486.750 1535.062 1601.093 1721.531 1844.781 1974.093 1981.750 2008.875 
18.750 21.687 73.875 85.218 152.843 154.031 184.500 295.968 298.031 315.968 346.625 423.593 431.843 467.781 470.687 487.656 525.875 560.656 567.906 606.781 662.218 663.781 734.437 740.062 778.062 780.312 841.781 845.500 922.875 1015.968 1068.968 1114.187 1141.593 1143.312 1148.906 1203.281 1298.000 1356.406 1431.968 1435.531 1486.343 1523.031 1605.750 1660.937 1722.687 1725.906 1766.375 1844.750 1875.437 1974.312 2010.750 3778.937 
18.843 23.062 72.937 85.125 153.125 154.812 161.093 185.062 217.000 297.218 315.562 346.218 425.093 428.531 470.218 472.406 495.875 562.812 606.968 657.375 662.843 733.000 736.375 779.593 781.843 807.031 837.437 839.750 899.437 922.875 1009.968 1019.656 1113.250 1141.718 1145.968 1203.281 1232.156 1355.250 1432.406 1486.437 1599.593 1722.437 1815.406 1842.843 1973.687 1975.093 2010.250 
18.218 22.218 26.875 68.156 74.093 78.593 85.218 153.250 154.500 185.718 267.937 296.812 377.437 424.875 443.281 491.031 525.750 529.218 562.312 567.875 584.312 606.625 660.031 664.375 688.062 732.843 734.343 778.468 781.687 807.375 841.468 860.343 919.281 924.218 1009.593 1018.375 1117.375 1141.437 1145.531 1301.968 1312.437 1381.437 1432.906 1486.750 1524.687 1535.125 1603.406 1723.000 1727.093 1876.187 1974.312 1976.156 2009.093 
18.312 19.656 74.250 75.812 84.812 154.125 155.343 159.625 205.343 254.468 297.625 300.218 313.781 347.062 421.750 424.031 469.718 472.156 525.562 568.187 608.343 659.687 663.875 710.687 732.562 734.187 778.562 780.750 808.125 842.343 910.218 919.531 1012.406 1114.312 1142.218 1143.593 1146.781 1202.156 1298.218 1310.937 1356.281 1432.375 1437.937 1488.375 1524.218 1722.031 1728.281 1829.312 1843.187 1846.562 1904.906 1973.406 1975.281 2009.312 3564.375 
18.656 22.375 74.312 75.531 153.750 155.250 161.125 185.812 232.968 296.437 299.250 318.031 374.593 423.343 426.281 443.281 471.093 491.000 526.656 561.250 608.781 660.468 664.000 733.625 736.750 779.687 781.000 841.562 854.625 870.125 920.500 1011.906 1019.156 1073.000 1115.093 1141.437 1142.875 1298.062 1317.531 1355.937 1433.875 1484.812 1524.281 1535.687 1598.031 1607.093 1724.093 1779.750 1876.125 1973.406 1976.531 2009.812 3325.812 
18.218 22.062 74.562 76.187 84.437 152.906 154.312 155.812 184.937 217.000 299.437 343.718 424.656 442.156 469.781 472.125 487.093 525.406 561.812 567.843 606.906 657.125 663.406 690.375 734.625 737.125 778.687 780.437 842.250 1011.031 1073.000 1115.093 1141.812 1143.250 1148.906 1233.562 1299.937 1315.750 1328.906 1393.437 1433.812 1485.718 1522.750 1535.750 1598.593 1723.437 1765.593 1973.437 1975.593 2009.687 2011.687 2953.250 
