21.625 124.906 127.593 145.437 175.906 208.625 228.937 248.781 269.250 272.031 280.187 300.468 307.906 348.218 370.593 374.687 393.843 396.437 419.125 434.000 456.843 471.406 473.718 539.812 670.531 672.468 687.281 732.687 823.656 827.812 841.718 944.750 948.812 995.500 1011.187 1126.250 1195.812 1199.281 1215.781 1221.968 1246.968 1248.687 1329.437 1409.781 1495.000 1496.437 1582.093 1616.000 1764.781 1784.187 1819.218 1822.906 1859.343 1873.875 1950.125 1987.718 1989.312 2000.281 2390.218 2939.375 3285.437 3401.062 
123.625 125.750 128.312 139.781 145.562 207.781 250.281 265.000 279.906 307.531 348.281 372.000 392.937 395.062 411.843 419.156 422.718 434.531 470.031 473.125 552.406 670.750 674.906 711.875 827.406 830.250 842.250 849.687 923.593 945.718 949.687 976.218 994.750 999.687 1101.562 1125.187 1198.500 1203.750 1218.625 1248.125 1250.125 1280.281 1330.343 1348.468 1363.375 1487.625 1495.281 1579.250 1582.093 1620.687 1762.375 1785.281 1816.468 1822.062 1873.531 1876.531 1949.312 1988.000 1989.656 2000.625 2236.875 
21.062 22.468 24.468 76.625 101.500 119.656 121.906 127.250 146.531 153.156 157.000 196.437 207.968 227.218 244.125 245.593 284.437 320.187 344.343 346.593 394.750 451.937 469.312 474.718 497.406 647.531 668.843 673.093 710.531 795.843 799.718 818.875 824.062 951.468 995.250 1077.000 1099.437 1123.000 1124.781 1177.031 1184.437 1247.875 1326.093 1327.500 1347.812 1402.718 1445.593 1483.593 1484.968 1488.125 1495.906 1580.812 1620.468 1659.906 1718.531 1808.375 1821.437 1876.500 1914.437 1949.093 1983.468 1984.781 2116.875 
20.718 21.906 45.968 103.062 119.531 123.031 127.093 129.281 148.031 153.156 156.656 172.656 209.125 224.750 226.687 246.531 269.531 282.031 315.062 347.375 373.562 396.625 443.750 452.656 470.437 490.093 582.843 646.937 650.437 667.531 754.125 795.468 819.156 821.468 840.687 881.718 900.281 922.375 952.218 1076.187 1123.093 1176.468 1192.437 1216.312 1247.968 1325.375 1348.593 1449.875 1484.968 1487.750 1494.468 1577.187 1583.812 1662.031 1689.656 1718.375 1754.031 1915.437 1938.000 1983.875 1986.218 
19.937 22.812 98.937 104.062 120.812 122.750 128.406 146.843 151.875 156.437 158.812 208.125 225.843 227.468 247.031 270.312 282.843 309.718 331.625 345.937 349.843 395.093 422.906 450.312 470.875 473.125 498.562 536.218 583.687 646.906 648.500 670.937 796.218 812.218 819.281 920.906 945.656 993.187 1079.156 1122.562 1156.625 1184.250 1198.000 1247.062 1281.281 1325.687 1349.218 1363.875 1484.093 1485.468 1488.062 1494.937 1533.187 1577.187 1579.000 1658.687 1689.000 1718.218 1785.906 1875.687 1917.218 1943.281 1983.781 1985.187 2000.218 
21.500 22.656 53.750 95.687 102.593 120.031 122.281 127.312 151.343 156.406 207.937 227.031 246.843 271.750 307.375 348.406 371.125 397.343 426.218 450.875 454.406 469.312 472.343 647.375 670.687 794.000 820.531 822.375 842.250 865.187 920.218 947.750 953.906 996.875 1024.750 1099.531 1123.343 1124.781 1175.031 1198.781 1219.062 1249.062 1327.937 1348.250 1349.718 1448.687 1484.187 1485.531 1494.718 1496.593 1530.593 1643.281 1688.812 1787.468 1824.218 1876.468 1912.250 1937.218 1983.000 1986.843 2111.375 3596.531 
20.343 24.031 118.625 126.812 146.875 152.375 156.500 208.906 225.656 227.468 247.531 282.031 309.875 320.031 344.000 449.468 451.937 469.156 475.406 497.125 582.906 646.875 650.062 668.375 714.218 753.687 797.718 819.843 902.718 920.000 946.281 1016.281 1123.281 1176.812 1191.500 1217.187 1247.531 1325.468 1348.062 1350.406 1402.093 1485.343 1494.968 1576.500 1581.093 1619.093 1692.437 1750.937 1767.843 1880.468 1913.937 1937.125 1948.031 1983.875 1985.218 2333.656 2943.843 3768.031 
20.531 21.906 24.250 75.875 77.531 100.625 120.687 122.750 127.375 148.031 151.343 159.500 176.718 208.312 224.875 228.187 245.625 271.625 281.968 348.156 371.031 394.906 451.187 455.531 469.062 496.625 531.687 559.718 585.093 646.312 648.218 671.343 709.718 722.281 754.937 799.906 820.968 945.281 953.031 993.781 1123.312 1156.875 1184.312 1248.031 1326.000 1328.937 1347.468 1403.812 1484.531 1494.968 1578.843 1612.781 1622.718 1689.000 1717.937 1822.750 1873.812 1886.343 1983.906 1985.406 1987.593 
20.593 23.343 119.750 121.625 126.906 146.906 153.062 207.468 224.750 228.687 245.843 271.031 281.406 310.156 346.968 349.500 396.406 442.843 452.062 469.406 472.156 497.187 646.968 709.312 723.625 811.875 820.437 918.312 998.375 1123.000 1124.531 1156.531 1185.625 1194.968 1218.187 1249.593 1324.906 1326.968 1348.187 1350.156 1402.750 1484.718 1486.593 1495.781 1579.062 1620.375 1658.718 1805.000 1823.593 1875.187 1916.843 1946.343 1983.062 1988.156 
20.656 22.031 24.750 102.062 118.781 120.281 127.812 151.031 160.062 170.750 225.843 247.343 270.812 319.718 343.812 348.843 394.906 450.437 469.656 472.500 496.406 533.468 579.093 645.593 648.031 667.562 669.187 756.343 797.687 800.187 820.812 824.968 900.687 921.687 945.406 951.000 1122.875 1158.125 1184.500 1221.093 1248.312 1252.718 1279.125 1326.125 1329.531 1347.843 1349.218 1402.031 1484.000 1488.312 1576.468 1578.187 1612.687 1622.468 1658.593 1691.843 1828.156 1875.093 1936.062 1937.750 1984.000 
