203.187 209.187 282.562 290.593 294.187 310.187 312.625 327.781 343.937 368.437 457.687 470.687 477.406 488.468 496.375 510.281 568.531 572.875 609.718 613.031 667.250 669.968 762.906 767.343 780.281 796.656 801.843 841.625 947.968 1005.125 1025.343 1026.656 1108.062 1122.312 1153.562 1210.062 1211.718 1213.437 1315.437 1337.718 1391.968 1393.687 1401.593 1436.468 1531.750 1626.375 1658.750 1665.937 1678.656 1704.375 1812.781 1814.531 1889.343 1993.125 3748.468 
275.531 283.812 289.375 295.000 308.968 310.218 330.531 344.531 457.062 458.406 470.593 486.343 496.250 497.968 569.250 591.625 609.937 667.562 758.562 767.281 796.250 837.812 1026.218 1027.718 1032.250 1104.750 1127.718 1152.968 1171.187 1209.906 1211.250 1214.687 1314.625 1337.812 1390.406 1392.937 1402.000 1404.031 1436.812 1533.156 1626.562 1659.281 1689.281 1709.531 1813.718 1882.406 1965.625 2589.281 
193.875 225.343 238.312 239.875 273.875 282.468 309.500 311.000 434.000 454.406 455.500 467.843 497.281 514.468 561.250 568.031 606.718 667.500 695.718 735.250 755.468 756.781 764.187 789.000 807.125 809.250 834.781 837.156 996.250 1027.562 1060.781 1077.000 1098.500 1100.937 1152.500 1268.750 1289.250 1291.281 1314.062 1337.406 1384.937 1390.062 1436.000 1519.281 1536.437 1619.718 1624.000 1652.843 1708.062 1722.406 1787.125 1790.500 1879.781 1956.593 1983.750 2832.750 2928.625 2930.000 2934.375 3061.531 3747.281 
94.437 175.875 193.593 238.656 240.375 278.000 284.531 311.093 313.187 436.656 454.906 456.187 469.156 487.718 498.156 515.625 568.656 608.718 666.718 670.281 738.281 754.750 761.437 790.500 833.593 837.187 994.718 997.250 1026.968 1078.718 1098.937 1127.718 1155.312 1209.500 1290.468 1310.875 1338.062 1383.750 1386.343 1488.812 1511.687 1620.625 1623.906 1653.500 1708.406 1787.312 1792.500 1868.281 1939.437 1957.156 1985.218 2432.000 2930.125 3030.531 3239.593 
94.937 177.187 193.625 196.593 223.656 238.000 240.156 276.562 283.718 298.281 310.500 342.656 434.187 436.000 454.468 455.562 497.000 514.187 530.406 566.812 610.437 647.656 721.656 734.062 755.437 757.562 788.000 799.250 807.781 834.093 835.406 871.750 932.656 1003.062 1026.937 1085.937 1104.531 1209.968 1290.406 1311.562 1387.187 1437.312 1487.843 1516.687 1620.437 1621.906 1653.562 1707.218 1726.312 1786.937 1956.250 1987.781 2646.781 2861.406 
95.593 175.468 193.125 196.656 238.031 284.500 289.000 310.656 374.000 434.625 454.562 455.968 486.937 497.031 514.531 520.406 548.812 567.156 607.218 610.937 665.750 681.687 735.125 756.906 788.625 806.531 808.062 837.625 996.437 1026.625 1030.000 1080.812 1098.843 1101.062 1154.343 1175.812 1210.000 1211.968 1249.562 1269.031 1290.125 1310.531 1314.312 1337.843 1385.500 1400.562 1436.968 1551.250 1620.000 1621.687 1653.093 1654.656 1707.937 1746.531 1787.062 1791.593 1844.312 1880.750 1949.000 1956.781 2160.656 2516.718 2537.812 
84.843 95.125 175.906 194.468 238.968 241.875 274.187 284.281 296.656 309.843 346.906 440.500 454.968 456.531 458.937 470.125 496.875 512.656 545.312 609.343 666.218 734.468 757.031 789.656 800.156 809.906 835.781 870.718 995.656 1028.875 1100.843 1180.437 1209.968 1289.812 1313.312 1318.468 1337.656 1385.406 1400.875 1403.968 1535.343 1555.906 1620.250 1621.625 1653.062 1707.593 1723.375 1786.562 1879.312 1956.500 1957.750 1987.687 
96.156 193.406 224.562 239.312 240.750 243.375 278.468 284.437 310.250 436.343 454.843 456.187 496.218 514.593 667.250 734.906 742.187 756.937 762.156 789.000 807.218 808.968 834.125 838.312 995.125 1000.281 1028.625 1098.625 1103.718 1209.906 1211.906 1311.406 1317.187 1338.000 1385.250 1388.625 1438.875 1487.406 1515.125 1550.906 1620.687 1622.812 1625.937 1652.468 1659.593 1707.062 1721.750 1788.343 1816.343 1880.562 1939.093 1957.187 1958.750 1987.187 2241.781 
92.500 97.531 140.625 178.812 181.281 193.031 236.906 239.375 281.000 309.500 311.625 346.968 433.750 454.750 456.187 458.375 469.593 515.500 609.531 673.281 734.656 746.281 756.250 789.718 807.750 834.906 994.968 998.156 1026.968 1082.250 1099.125 1165.156 1199.218 1210.125 1247.437 1268.937 1292.593 1314.468 1337.187 1386.687 1401.093 1437.593 1517.000 1536.593 1621.062 1653.937 1658.156 1724.562 1788.218 1821.375 1956.031 1984.781 2121.812 2459.843 
94.406 105.968 176.437 193.312 239.968 244.625 280.437 282.750 310.187 325.750 346.906 363.218 454.500 456.156 469.312 497.718 572.156 609.687 660.468 671.375 735.562 744.906 834.687 836.250 995.312 997.281 1028.062 1098.875 1106.062 1210.062 1211.625 1234.875 1291.312 1313.406 1385.250 1400.281 1439.812 1485.718 1518.406 1537.125 1552.218 1607.062 1619.500 1621.000 1654.500 1707.781 1724.718 1786.750 1790.281 1823.093 1882.375 1956.875 1984.656 
