42.437 45.250 50.312 53.781 131.562 143.406 144.687 252.437 390.500 393.750 397.562 399.906 535.187 537.843 543.062 600.968 668.250 761.437 782.812 949.625 972.562 1058.062 1099.468 1232.875 1322.937 1394.718 1410.156 1540.968 1544.718 1548.218 1646.843 1648.843 1719.562 1752.718 1754.218 1852.312 1946.406 
12.531 42.343 46.843 53.125 76.031 133.375 251.937 253.593 352.937 390.843 396.281 398.437 490.375 536.437 597.000 601.187 658.625 671.250 745.062 787.687 792.937 864.281 957.343 1026.375 1105.312 1140.937 1159.625 1215.093 1301.406 1317.593 1394.281 1410.593 1448.500 1543.187 1546.812 1647.375 1649.562 1754.000 1803.437 
42.812 44.125 46.875 51.656 105.062 129.187 132.500 146.031 189.156 251.375 336.312 390.218 397.531 398.968 469.218 485.656 535.062 537.125 669.968 782.062 789.218 956.781 1020.281 1099.406 1147.062 1214.000 1233.968 1280.531 1394.593 1540.593 1543.375 1546.906 1649.625 1678.593 1753.968 1763.875 1801.312 1887.531 1903.093 2033.843 
42.281 45.406 50.593 105.437 131.343 144.250 252.875 345.000 351.156 393.812 397.468 535.593 539.156 597.093 609.656 666.875 681.406 716.031 782.906 786.906 958.093 1065.531 1103.031 1161.156 1213.750 1219.687 1332.625 1410.687 1453.406 1544.062 1546.250 1583.500 1649.062 1660.031 1676.437 1754.187 1818.593 
29.281 42.250 44.375 51.656 55.656 60.187 130.312 134.218 144.125 250.812 390.250 391.968 398.000 403.375 437.687 535.687 539.500 594.062 671.062 677.718 783.531 787.875 789.687 864.156 947.687 1100.375 1215.062 1233.531 1394.656 1542.656 1545.531 1547.843 1648.906 1678.718 1699.281 1752.875 1755.125 1979.187 2112.093 
42.656 46.500 50.343 54.062 72.125 85.500 129.093 135.281 144.437 190.687 251.843 254.468 350.937 391.375 397.968 535.187 536.906 595.937 689.843 742.062 785.343 788.093 862.812 955.593 1100.687 1146.125 1215.062 1277.062 1331.718 1384.156 1446.531 1542.375 1545.656 1649.125 1653.437 1695.812 1753.406 1755.156 1882.375 1949.312 1974.625 3756.312 
42.781 46.343 51.625 130.593 144.843 252.843 350.062 390.312 398.718 436.937 535.968 541.843 671.687 717.187 740.500 786.750 863.250 956.937 968.406 1102.343 1215.156 1396.281 1455.000 1541.187 1547.687 1648.125 1656.718 1678.031 1697.125 1753.343 1754.781 1820.437 2027.500 2068.312 2499.500 3439.062 
42.718 131.750 138.593 252.250 389.937 482.875 496.625 535.375 666.875 784.531 863.062 946.968 1056.531 1091.250 1099.343 1145.687 1214.218 1376.875 1453.781 1541.593 1546.718 1586.656 1651.531 1662.593 1695.812 1705.812 1753.031 1945.562 1975.750 
42.968 44.218 46.843 105.343 129.656 144.562 251.875 318.375 390.187 397.156 398.906 437.125 533.062 537.500 608.281 667.437 678.812 746.375 785.875 948.375 957.281 1055.937 1105.031 1111.375 1145.156 1231.750 1332.593 1454.031 1538.812 1547.406 1649.031 1660.218 1696.000 1751.656 1925.468 2051.593 
42.062 45.500 52.093 106.000 132.156 136.562 144.343 191.500 245.468 252.468 353.375 391.250 397.843 401.218 431.250 486.187 534.906 538.031 600.687 744.250 783.093 791.468 973.375 1037.093 1054.906 1107.625 1277.218 1332.843 1410.750 1413.843 1454.343 1463.468 1541.968 1649.187 1660.875 1709.125 1719.468 1753.093 1754.437 1877.500 1948.625 2649.000 
