45.218 64.750 73.406 164.531 185.468 192.468 194.437 233.218 234.812 262.937 304.500 305.843 326.312 348.468 350.250 392.906 465.937 470.281 497.656 499.406 545.343 551.812 596.812 598.187 632.718 635.875 672.437 737.687 770.718 772.562 811.625 837.625 839.312 910.250 928.031 958.625 987.906 1055.187 1093.125 1099.750 1142.468 1163.500 1207.250 1248.156 1261.718 1276.500 1422.281 1468.000 1502.093 1539.375 1574.593 1643.000 1685.062 1688.843 1719.875 1762.500 1813.156 1840.593 1894.562 1931.500 1956.218 1982.968 2227.781 2426.843 2558.593 3103.125 3408.375 
41.906 46.906 69.031 72.343 79.812 103.156 186.843 193.343 196.312 232.593 234.156 304.875 306.125 326.531 338.500 348.281 351.843 396.031 410.906 469.125 497.906 551.406 553.250 597.718 600.656 633.656 635.718 690.562 737.718 770.937 780.718 813.031 838.625 867.531 927.468 987.531 1048.750 1058.718 1092.562 1098.093 1143.468 1168.656 1212.437 1228.875 1248.562 1382.437 1421.843 1423.312 1451.625 1502.687 1538.156 1542.968 1577.343 1614.000 1630.062 1685.875 1709.968 1761.812 1763.531 1838.437 1840.937 1855.000 1892.812 1923.031 1931.468 1955.031 2788.812 
21.281 45.906 74.125 106.500 187.093 193.125 233.093 235.062 240.062 261.843 304.937 306.312 326.812 349.687 353.062 384.156 410.656 468.000 470.687 498.125 548.125 551.343 554.281 597.406 599.937 633.937 680.843 737.718 739.437 771.625 838.343 912.625 928.312 988.125 1050.656 1092.593 1096.406 1143.343 1168.312 1208.218 1229.031 1280.187 1422.218 1465.031 1501.687 1541.218 1594.968 1616.656 1656.937 1685.062 1688.437 1711.437 1761.906 1767.781 1807.125 1840.468 1932.093 1952.062 1955.406 1983.593 2700.593 2923.000 3640.718 
45.593 70.531 73.875 81.562 192.781 233.125 234.343 263.312 304.562 306.000 349.000 392.437 410.343 468.968 471.281 498.093 551.968 555.093 597.625 599.343 634.187 635.843 737.718 771.156 775.843 781.093 811.968 838.156 928.937 987.531 1048.343 1091.281 1094.906 1165.312 1170.062 1208.656 1384.843 1420.687 1423.250 1482.593 1537.906 1539.781 1594.125 1615.281 1655.656 1686.125 1689.843 1710.687 1761.218 1763.875 1802.125 1840.218 1852.093 1854.875 1895.500 1923.437 1931.625 1952.718 1988.500 2107.531 2465.500 3950.062 
41.062 50.312 71.937 73.781 103.125 189.687 193.875 196.937 233.281 234.718 238.468 263.437 305.093 306.437 349.312 351.187 380.718 410.687 469.437 497.531 551.906 565.156 598.500 635.687 680.937 738.156 771.875 838.062 928.500 935.562 987.656 1048.218 1091.375 1096.968 1143.187 1165.281 1172.781 1228.406 1264.937 1277.375 1418.937 1423.031 1483.375 1501.500 1537.375 1594.875 1616.406 1656.656 1685.218 1687.093 1690.625 1710.031 1762.000 1839.656 1841.968 1853.125 1895.093 1923.031 1932.968 1983.656 
43.718 46.468 73.156 76.968 104.500 186.437 193.250 233.031 234.968 262.625 304.906 306.031 309.906 349.937 353.468 382.000 394.843 410.062 468.375 471.062 498.031 500.062 551.875 598.000 633.187 636.843 737.656 772.375 779.812 812.250 838.343 928.437 987.406 1046.875 1092.218 1143.625 1167.281 1210.968 1230.218 1275.843 1421.875 1423.437 1502.125 1539.125 1542.062 1630.375 1656.500 1685.437 1688.187 1761.875 1765.875 1796.937 1838.250 1840.750 1894.125 1922.656 1932.343 1954.187 1983.656 2719.812 3629.406 3717.656 
44.656 47.750 71.843 79.968 103.312 167.468 185.906 194.156 233.343 237.593 305.125 348.843 356.500 395.718 409.718 412.375 466.781 469.187 497.781 551.687 554.187 567.312 597.406 633.562 739.093 772.687 811.968 837.656 928.468 1048.531 1082.406 1092.187 1142.906 1212.593 1262.968 1420.562 1482.812 1501.781 1538.343 1544.250 1657.312 1664.281 1685.125 1688.000 1761.750 1766.656 1807.625 1840.312 1892.718 1895.968 1931.687 2237.125 
42.687 45.375 72.218 75.875 103.437 192.406 232.937 263.375 304.718 306.312 349.562 356.125 410.906 469.156 498.437 547.031 551.531 597.750 632.968 634.531 677.781 738.281 771.437 812.468 838.062 910.781 930.125 989.000 1091.500 1142.781 1173.625 1207.718 1230.218 1261.125 1421.500 1485.593 1502.781 1537.937 1544.562 1592.218 1657.812 1684.968 1687.531 1762.343 1839.062 1895.093 1922.000 1931.625 1983.656 2602.281 
43.312 50.906 72.500 74.156 81.656 118.468 140.468 193.562 233.875 237.156 304.906 307.031 309.125 339.812 348.937 353.656 396.375 412.468 467.843 469.750 498.156 502.968 528.968 550.500 598.968 633.781 672.968 737.562 771.875 812.875 832.218 908.312 927.375 930.968 979.531 1091.968 1165.812 1248.812 1276.125 1295.406 1421.937 1425.062 1475.000 1482.250 1502.406 1538.125 1544.500 1591.843 1636.593 1655.375 1686.375 1761.187 1763.875 1806.156 1840.875 1895.437 1985.250 2680.562 
43.218 49.718 72.906 79.875 104.312 191.906 193.875 233.250 234.531 263.281 305.187 307.187 339.906 349.218 356.281 411.593 468.406 470.750 498.843 500.687 551.531 553.656 598.125 605.156 631.218 635.093 671.625 737.687 772.468 839.562 928.593 988.187 1091.593 1097.468 1144.781 1167.406 1210.062 1261.031 1275.718 1386.031 1422.125 1482.062 1536.687 1540.875 1574.625 1616.718 1656.656 1685.625 1763.062 1769.937 1840.687 1893.750 1895.812 1925.812 1955.343 1982.718 2606.156 
