39.781 183.625 515.812 517.906 528.125 545.500 677.937 1070.468 1319.156 1672.531 2109.875 2266.437 2874.312 
55.312 647.812 1027.000 1505.937 3423.468 3766.375 3786.187 3963.437 
621.656 679.718 967.562 975.687 1055.625 1186.187 1283.437 1515.906 1530.218 2452.437 3028.250 3039.031 
112.906 605.312 636.218 652.031 1073.937 1185.093 1489.500 2724.781 2841.281 2845.437 2996.375 3014.375 
191.937 255.875 263.656 476.843 889.687 1021.625 1185.656 1550.062 2224.062 3359.437 3444.031 3485.781 3738.500 3766.875 3966.125 
664.562 1006.062 1039.812 1265.000 1478.781 2884.843 3534.375 3864.937 
375.781 619.312 1088.281 1289.031 1525.750 1660.906 2347.437 3786.562 3936.781 
878.625 1843.093 1844.406 3142.906 
620.875 883.062 3269.687 3398.093 3408.656 3666.656 3691.500 
50.031 338.000 853.468 1561.187 1741.625 1819.218 3085.281 3107.000 3175.218 3366.312 3370.843 3377.312 
