29.468 164.281 176.000 227.656 263.187 269.937 356.000 738.125 877.062 925.375 1596.218 1780.000 1783.531 2002.906 2044.531 2151.500 2389.468 2778.656 2876.343 3122.406 3131.031 3304.531 3509.218 3867.156 
65.843 116.000 195.093 586.500 726.406 1046.218 1118.031 1380.156 1439.062 1592.000 1599.625 1968.468 2021.000 2204.125 2674.375 2816.468 3541.812 3553.937 
8.031 98.437 426.218 503.906 1436.937 1494.625 1536.687 1705.875 1774.125 1976.562 2496.218 2506.218 2720.968 2722.375 3219.906 3220.843 3275.875 3645.093 3795.343 
42.093 55.500 93.968 502.718 774.468 948.281 1251.906 1262.406 1436.250 1454.843 1696.187 1713.031 1906.093 2043.000 2921.750 3185.562 3284.250 3301.406 
454.937 675.500 685.031 743.312 1017.000 1436.500 1853.468 1870.406 1905.937 1997.312 2027.437 2172.812 2339.937 2507.812 2836.437 2844.843 3827.812 3844.375 
67.750 98.843 110.656 363.312 593.343 663.406 665.531 740.187 832.625 931.437 1039.437 1280.500 1438.125 1524.437 1530.500 1848.406 1904.406 1995.812 2026.656 2056.593 3310.500 3312.750 3480.406 3673.562 3778.500 
72.218 92.906 181.312 548.062 619.875 643.031 655.656 732.375 1162.625 1426.218 1427.156 1892.718 2069.000 2083.031 2689.843 3214.000 3468.125 3473.875 3742.250 
668.656 837.875 847.625 1701.250 1749.281 1783.093 1849.562 2580.562 3062.156 3372.375 3855.625 
19.437 67.031 634.562 635.718 866.750 1041.843 1052.875 1260.562 1357.468 1447.875 1703.000 1710.843 1964.906 2126.625 3226.531 3591.031 3593.218 3777.718 3869.406 
411.281 473.718 604.093 1628.156 1907.406 2212.250 2937.312 2959.156 3492.906 3632.312 
