0.937 426.093 481.187 1955.281 2151.062 2411.750 3453.406 3659.875 
133.718 137.843 430.468 437.875 700.187 1022.500 1046.906 1890.437 2433.187 2443.468 3095.437 3963.562 3978.750 
146.343 247.750 376.343 381.968 1425.406 1663.875 1836.625 1852.875 1856.843 2477.656 3646.968 
531.562 2061.531 2522.906 2677.218 3943.437 
43.031 181.312 380.875 561.812 850.906 937.406 1419.875 1926.375 2239.156 2407.593 2472.906 2762.968 3705.593 
438.906 976.843 987.812 2224.343 2242.562 2493.562 3399.093 
405.031 530.750 1048.406 2174.406 2509.906 2580.593 3633.906 3638.750 3642.625 3955.500 
35.687 37.843 1064.093 1333.437 1517.375 2439.687 2562.718 3574.000 3911.156 
136.093 214.781 1537.375 2368.656 3370.156 3865.906 
171.437 388.218 406.968 1517.781 2449.125 2487.687 2806.968 3424.250 
