78.156 79.843 97.593 185.125 215.031 412.187 472.656 578.750 588.625 687.750 790.343 931.125 1068.375 1131.187 1160.906 1247.281 1389.531 1555.125 2112.687 2233.625 2406.281 2950.781 
78.500 104.718 124.843 129.718 236.343 353.218 370.312 566.093 632.906 662.875 665.312 838.531 1268.562 1559.281 2057.968 2384.812 2415.906 2872.281 3225.781 3331.593 3339.343 3699.781 3735.625 3919.500 
55.687 75.968 376.750 711.625 843.468 1107.093 1307.593 1533.500 1584.968 1851.593 2003.437 2051.343 2163.250 2599.906 2688.718 2727.812 3899.593 
79.031 277.031 299.187 830.156 837.000 893.375 921.468 999.000 1090.187 1488.875 1579.687 1864.343 2808.812 3352.718 3390.656 3430.531 3719.656 3881.156 3897.875 
75.531 125.718 292.937 381.562 511.562 683.281 1018.750 1033.937 1079.531 1203.093 1399.562 1463.093 1660.062 1661.375 1819.406 2011.062 3017.843 3129.375 3333.406 3334.937 3337.062 
78.843 103.281 849.906 910.750 935.156 1178.125 1296.812 1760.937 1868.468 1931.250 2172.000 3015.687 3278.125 3676.812 
25.000 280.875 853.031 937.750 1076.125 1381.656 1701.687 1899.468 2475.781 2688.312 3015.343 3271.031 3289.718 3832.750 3945.281 3968.343 3970.937 
78.718 80.250 111.218 354.000 459.312 933.281 1347.343 1366.906 1570.656 1912.468 2547.156 2747.750 2870.062 3316.375 3368.937 3660.812 3664.187 3922.125 3929.812 
78.750 98.500 255.937 679.843 777.093 788.031 817.937 936.062 944.875 1206.093 1457.718 1576.656 1629.218 1732.000 1820.093 1838.562 2300.875 3176.093 3960.125 
79.906 159.750 239.687 288.187 681.468 827.187 1231.312 2002.187 2498.125 3196.593 3202.031 3294.687 
