24.781 104.593 137.531 317.531 560.343 683.531 696.312 1081.718 1248.781 1546.875 1992.218 2321.281 3193.218 3358.468 3612.218 3847.000 
25.062 51.500 111.437 145.656 189.062 344.875 603.562 808.812 1091.875 1188.062 1259.218 1373.000 1382.031 1452.312 1541.062 1723.687 2913.625 3219.968 3401.625 3408.437 3461.687 3562.437 3644.687 
96.750 177.593 604.593 628.187 1032.343 1148.593 1232.500 1378.281 1556.500 1566.375 2022.437 2496.312 2760.656 3160.531 3209.812 3494.250 3514.906 3695.312 
22.125 44.343 343.437 426.125 598.437 642.406 804.281 959.093 1122.781 1266.562 2318.468 2385.531 2489.437 2745.750 2879.593 3534.875 3541.531 3708.031 3713.531 3893.125 3911.250 
26.718 150.906 179.312 632.781 638.968 802.718 822.875 1114.718 1373.031 1376.375 1515.125 1529.968 1628.375 1987.500 2356.250 2529.718 2541.937 2776.250 3112.406 3133.593 3172.343 3441.375 3709.437 3851.656 
76.656 158.250 294.718 632.906 659.312 756.937 851.437 1388.125 1635.656 2193.375 2206.343 3280.843 3371.468 3507.718 3724.687 3824.781 
136.593 340.968 380.406 422.625 1134.812 1441.218 1484.156 1484.406 1607.187 1724.406 1830.093 2151.218 2602.343 2764.875 3843.656 
23.812 228.718 402.968 539.937 634.312 648.187 649.718 752.968 913.531 1299.343 2385.812 2387.500 2399.500 2409.968 2823.156 2831.781 3058.906 3062.312 3507.593 3508.968 
2.375 665.187 2080.812 2104.125 3147.281 3154.187 3184.343 3625.812 3729.156 3950.031 
91.187 203.312 597.125 643.781 725.750 742.781 848.781 1232.781 1450.656 1552.218 1608.843 2549.031 3274.968 3557.312 3615.031 3844.593 
