256.125 275.937 357.093 617.250 1011.031 1022.093 1537.812 1582.750 2514.937 2646.812 2707.187 3371.781 
927.343 933.250 1529.250 1724.218 1749.156 1893.625 2068.406 2532.031 2969.250 3242.031 3495.500 
60.375 346.843 651.062 678.218 876.281 924.437 1944.781 2244.000 2609.656 3417.343 3423.031 3988.281 
458.937 626.187 2073.218 2506.906 2708.218 3566.593 
207.281 490.468 1446.312 2468.375 3394.718 3404.375 3447.250 
226.968 925.218 967.531 1097.593 1237.437 1457.375 1518.312 
98.687 925.031 2094.562 2573.281 2611.656 3128.718 3749.250 
446.312 848.531 882.125 2246.625 2532.625 3279.718 
195.312 1093.593 2343.250 2577.406 3628.781 
214.968 448.906 1553.281 1997.000 2134.906 3052.875 3061.656 3118.031 
