50.125 102.156 153.187 158.218 203.593 360.562 466.218 525.500 644.968 735.968 826.062 901.093 933.718 1115.843 1448.875 1500.593 1684.125 1960.625 2438.687 2454.781 2623.031 2861.312 2921.593 2923.468 3601.062 
45.437 83.781 411.156 537.343 574.656 758.062 867.375 1114.937 1136.437 1167.218 1270.531 1368.812 1384.125 1473.406 1687.000 1944.718 1954.750 2177.406 2425.906 2842.000 2867.843 3083.937 3370.468 3546.000 3879.281 
52.281 101.906 107.093 184.062 187.031 260.625 343.875 346.437 557.906 613.718 628.218 741.843 862.437 1333.250 1471.406 1559.968 1714.531 1846.875 2199.375 2763.968 2908.812 2912.500 3748.187 3882.500 
34.937 81.875 161.250 250.125 251.500 328.906 358.625 556.937 576.656 831.812 1369.031 1473.062 1722.906 2103.093 2208.843 2215.718 2429.593 2430.843 2435.625 2799.687 2832.187 3247.625 3252.156 3355.968 
83.156 84.531 90.781 193.562 255.500 607.125 643.593 864.656 1003.531 1318.812 1333.625 1376.375 2341.406 2819.593 2830.750 2998.593 3736.812 3749.968 3961.531 
79.000 205.312 213.500 320.343 361.375 546.968 582.218 662.500 681.000 882.156 947.593 952.500 1298.750 1356.343 1419.281 1485.593 1701.875 2278.718 2745.281 2820.718 3713.531 3778.156 3874.843 
16.187 43.125 249.968 319.812 449.437 496.843 875.156 1020.343 1062.125 1236.031 1286.625 2954.906 2956.500 2984.500 3092.750 3232.687 3717.500 
49.718 51.562 387.906 579.406 723.812 751.062 956.812 971.500 1147.968 1332.656 1337.093 2072.937 2838.125 3119.750 3130.562 3138.906 3276.187 3586.218 3601.187 3608.781 3960.562 
201.625 367.031 465.406 537.718 1083.406 1189.750 1309.343 1330.000 1708.687 1864.968 1987.281 2191.906 3158.656 3533.750 3815.812 
68.812 659.406 680.812 919.812 1641.562 1841.218 2242.343 2405.593 3241.312 3616.437 3626.125 
