69.187 257.218 397.937 652.156 853.093 1806.125 1822.500 1877.343 2876.625 2972.718 3168.875 
33.937 627.750 877.031 985.250 1061.156 1457.281 1790.468 2500.281 3305.656 3340.968 
154.093 156.687 636.625 1071.156 1126.531 1138.687 1164.093 2722.156 2782.562 2803.437 2831.937 3035.500 
514.750 1028.812 1782.000 2462.093 2982.593 3018.906 
18.656 889.625 919.093 1086.500 1416.500 1571.218 1973.781 2075.656 3523.968 3558.281 
135.062 2208.812 2658.687 
132.812 854.843 1443.125 1495.218 1499.812 2132.625 3601.500 
250.000 291.187 1101.343 1786.812 3006.468 3208.375 3877.593 3978.718 3988.531 
765.343 798.875 913.843 1225.875 1489.500 2477.968 3302.906 3473.468 
633.031 1484.781 3163.281 3174.062 3920.562 
