231.343 826.718 964.437 1284.781 1975.218 3321.218 3365.000 3399.531 3710.437 3722.812 
24.656 227.656 285.656 439.656 1315.781 1450.218 1897.406 2031.500 2055.156 3440.687 3646.968 
179.062 396.250 705.250 708.000 710.718 784.937 1889.281 1997.093 2030.687 2326.937 3626.156 
134.687 152.750 1261.406 1972.531 1974.000 2111.062 3025.437 3792.218 
161.906 377.312 1645.625 1931.312 1964.781 2169.781 3047.250 3056.343 3093.281 3309.843 3801.406 3813.281 
36.093 119.250 284.687 393.062 409.437 1295.093 2134.093 2900.531 3216.625 
754.843 1010.500 1481.593 1884.093 2981.593 
125.031 134.281 260.718 3571.093 3639.781 3643.937 3645.437 
129.468 138.031 171.437 251.375 656.406 2174.281 3150.375 3650.718 
228.281 1620.062 1864.687 2393.750 2395.093 3179.593 3483.437 
