26.000 27.937 87.312 242.250 245.250 328.687 540.562 788.656 1264.875 1287.468 1371.062 1407.531 1932.375 2139.906 2278.312 2871.062 3001.000 3340.500 
26.250 28.562 41.281 225.312 260.875 693.625 844.031 1044.687 1308.687 1443.343 1543.562 2196.125 2460.062 2478.343 2901.187 3040.968 3050.906 3465.375 3491.687 3690.906 
76.406 215.437 328.906 398.031 523.281 552.781 784.531 892.125 1057.093 1234.312 1295.062 1907.937 2303.281 2309.562 2318.750 2319.500 3166.937 3193.125 3504.625 3520.562 
155.875 256.312 508.156 518.343 577.375 667.031 722.468 880.781 1125.750 1203.687 1210.812 1416.500 1657.031 2039.750 3149.625 3151.875 3453.156 3649.468 3658.531 3952.531 3973.000 
67.062 68.125 72.156 73.937 132.875 170.062 238.718 410.375 719.812 726.781 1034.531 1292.218 1405.093 1635.468 2782.187 3654.937 3660.968 3665.937 3764.562 3777.062 3954.406 3956.875 
325.593 448.687 694.656 1755.125 2064.375 2278.000 2607.937 2754.593 3534.031 3740.468 3928.437 3929.750 3932.437 3947.218 
29.312 153.718 429.656 520.875 567.312 652.250 753.156 802.281 872.750 892.343 1291.281 1299.093 1579.281 1592.500 1759.875 2813.593 2818.093 3369.562 3474.750 3479.656 3489.812 3617.500 3708.500 3836.437 3925.718 
75.343 537.062 572.781 1211.125 1418.531 1596.093 2095.000 2206.125 3253.656 3367.781 3442.843 3874.812 
25.843 29.093 234.343 358.375 562.531 697.437 797.281 806.593 888.937 1060.062 1755.281 2495.812 2530.625 3620.343 3913.125 
74.593 129.375 175.062 204.343 469.500 880.156 1638.812 1879.375 2696.000 2832.281 3847.375 3985.406 
