34.718 530.093 593.656 697.625 799.031 1039.125 1237.687 1308.312 1787.281 1788.281 1860.312 3350.812 3754.312 3892.968 3956.218 3959.437 
87.625 233.937 529.218 533.843 630.125 1060.750 1116.343 1530.218 2244.625 2486.156 2763.218 2791.843 3242.906 3696.187 
23.531 71.343 416.906 462.968 563.031 917.750 969.312 1237.031 1496.437 1568.031 1886.718 1985.843 2039.000 2149.437 2157.437 2444.656 3249.812 3266.718 3863.125 
185.062 408.812 534.781 547.125 560.187 802.437 1155.437 1782.750 1785.343 1996.593 2001.687 2159.093 2482.093 2738.031 3131.750 3381.718 3684.625 3858.687 
24.406 184.218 413.062 559.687 743.968 883.250 918.468 1051.125 1189.468 1202.968 1481.812 1760.781 1907.062 1977.000 2305.875 2584.562 2727.500 3191.531 3200.937 3496.593 3595.781 3912.875 
130.281 160.843 305.000 378.281 413.375 851.437 1192.937 1880.312 1975.875 1978.250 1989.875 1997.843 3148.968 3150.718 3409.937 3871.062 
25.437 254.843 335.375 436.156 458.843 568.625 1033.843 1309.968 1650.656 1973.843 2026.218 2065.093 2211.062 2705.906 2771.812 2953.062 3916.812 3918.906 
89.750 175.843 187.156 557.281 747.062 865.093 1266.312 1862.750 1873.562 1887.093 2008.375 2024.218 2150.531 2626.437 3075.937 3320.031 3322.875 3366.593 3725.937 3747.937 3864.125 
105.656 282.125 587.312 870.406 1041.250 1391.218 1557.031 1786.031 1911.156 1915.125 1946.437 2295.125 2879.125 2886.218 2887.968 3107.062 3108.406 3910.093 3933.250 3939.593 
109.468 181.781 548.843 700.656 965.687 970.250 1395.187 2068.625 2234.656 2241.156 2331.125 2455.562 2520.843 2542.625 2566.437 3333.906 
