116.968 197.343 226.718 1257.500 1715.218 1734.625 2148.843 2373.906 2505.343 
103.062 151.500 189.125 420.406 783.062 1050.593 1552.468 2014.656 2055.375 2801.593 3932.218 
172.250 384.906 876.843 1259.375 1391.875 1759.656 2084.625 2253.593 2370.312 2418.500 2670.812 2952.593 
853.718 1063.093 1282.718 1382.812 1633.968 1799.375 2186.406 2339.531 2383.687 2929.406 3253.062 
486.593 497.843 788.968 1082.500 1351.906 1367.468 1987.375 2037.125 2047.625 2516.812 3864.562 
371.968 691.312 860.406 1115.281 1383.687 1847.281 2216.062 
425.250 744.281 1291.375 1477.937 2067.593 2076.093 2382.031 2389.781 2420.812 3884.906 
245.062 693.937 1007.125 1448.312 2526.718 3420.343 3942.343 
51.250 1372.250 1535.906 1613.906 1708.875 3431.437 3441.281 3873.281 
240.750 285.093 881.250 2510.000 2512.000 3765.812 
