47.406 48.468 53.937 58.281 83.750 98.968 100.968 108.937 186.375 188.562 201.718 216.281 224.687 267.437 281.250 304.812 330.093 344.187 356.468 402.687 415.562 418.562 442.718 511.062 525.656 551.187 558.906 564.937 609.468 641.906 672.000 693.500 703.437 707.906 733.562 735.843 736.625 773.656 793.750 811.187 823.250 835.750 837.000 862.437 900.968 915.687 933.437 960.968 979.468 1000.781 1036.031 1060.437 1079.187 1085.281 1114.718 1130.093 1139.000 1157.031 1219.687 1249.468 1306.312 1432.968 1444.843 1488.500 1491.531 1520.531 1532.625 1558.437 1654.218 1668.968 1675.187 1688.125 1783.250 1786.437 1816.343 1834.000 1877.250 1879.843 1885.906 1890.718 1895.250 1909.000 1945.625 1968.000 1995.625 2006.687 2015.468 2030.812 2040.062 2060.750 2093.875 2136.843 2252.968 2343.312 2363.406 2424.500 2445.500 3969.625 
39.531 40.750 150.156 354.281 366.406 460.625 598.500 631.906 652.875 654.187 1039.500 1084.468 1257.312 1272.187 1480.562 1563.125 1772.156 1816.968 1984.218 2183.281 2333.437 2512.343 2870.468 3050.187 3476.093 
52.531 158.093 191.843 405.906 491.468 516.531 617.218 630.312 818.906 910.000 1065.000 1565.281 1688.375 1759.562 1814.093 2231.531 2432.406 3283.687 3333.125 3393.593 3538.156 3583.718 3624.250 
283.187 366.562 418.343 575.593 665.968 722.656 916.687 1051.468 1056.187 1137.593 1267.656 1581.656 1881.937 1999.093 2049.031 2249.968 2344.687 2613.718 2822.718 2826.781 2966.843 2968.718 2973.250 3591.187 
58.531 65.031 387.281 821.718 1266.437 1583.312 1808.406 1888.187 2027.750 2095.531 2160.031 2326.125 2417.000 2466.125 2497.187 2721.593 3162.843 3167.062 3377.093 3502.843 
97.125 145.093 150.500 234.218 275.437 401.250 628.156 629.437 790.593 889.468 921.812 972.437 1380.593 1405.187 1696.875 1752.562 1886.062 2093.718 2096.343 2185.781 2240.281 2246.031 2929.093 3007.875 
219.906 391.500 489.906 539.781 734.437 840.375 897.906 912.593 1073.187 1427.312 1582.718 1704.656 1920.156 1993.218 2687.093 3159.906 
313.406 405.500 499.187 579.218 631.000 632.406 832.500 1363.093 1629.468 2185.781 2412.250 2526.000 2551.781 2635.312 2656.218 3333.343 3438.031 
93.093 170.062 256.218 407.875 482.843 735.906 932.812 1029.281 1085.968 1424.281 1917.093 2132.406 2231.062 2394.156 2427.687 2459.562 2477.718 3260.625 3310.375 
74.875 87.031 251.281 404.468 474.937 527.000 687.437 962.250 1082.031 1271.031 1908.437 2491.656 2833.656 3457.062 3462.312 3472.562 3599.281 3933.281 
