16.718 329.718 334.156 810.250 816.281 1026.750 1716.375 1725.437 1755.750 2130.468 2147.812 2263.343 3940.312 3956.343 
172.187 249.937 276.500 285.406 322.562 442.156 480.718 703.781 909.687 922.312 1283.062 1433.937 1464.312 1946.031 2639.031 2651.906 2672.812 2914.625 2936.625 3006.406 3863.437 3880.000 
53.125 65.125 95.250 450.687 536.187 663.875 900.937 962.906 1011.812 1035.250 1245.031 1251.000 2106.625 2302.750 2324.531 2399.625 2815.156 3122.062 3526.937 3611.562 3811.312 
91.093 136.625 170.656 327.718 391.593 914.687 1090.750 1182.562 1270.625 1372.625 1509.187 3150.187 3151.718 3162.781 3279.156 3530.656 3543.281 
91.031 173.781 458.343 474.937 705.093 780.562 1201.843 1441.375 2132.031 2979.468 3063.312 3187.406 3198.468 3298.562 3309.687 3327.437 3659.968 3662.000 3666.656 3845.593 3849.281 3966.906 3997.218 
92.812 98.625 163.062 171.250 784.031 785.593 788.750 817.468 905.437 1029.437 1197.562 1437.281 1574.968 1827.375 2351.531 2386.281 2552.062 2556.875 2753.031 2899.375 3534.718 3603.906 3644.562 3753.718 
57.531 69.437 322.531 456.718 756.812 929.218 1232.125 1239.343 1260.937 1432.437 1632.093 3018.843 3491.031 3498.062 
92.281 149.437 161.062 233.000 322.343 368.937 425.156 468.250 1291.625 1310.562 1464.156 1658.562 2344.781 2708.000 2711.906 2716.625 3308.687 
93.750 100.750 705.156 783.593 892.812 923.968 1690.500 2944.906 3453.968 3464.250 3874.562 
105.468 163.687 417.000 624.906 793.250 1480.500 1548.093 2285.906 2459.750 3058.750 3269.031 
