1.968 2267.687 2302.125 2315.125 2361.437 2749.343 2902.656 3148.093 
76.625 112.562 382.093 1005.125 2647.156 2772.531 
163.656 589.375 730.781 1098.281 1399.531 2003.625 2081.156 2327.500 2650.531 3363.781 
177.187 186.437 1047.531 1218.937 2250.343 2286.062 2335.812 3531.937 3587.937 3642.437 
207.718 270.250 286.750 306.312 581.875 857.562 952.093 1062.687 1216.093 1217.812 1809.031 1817.937 2073.843 3745.218 3767.187 3783.000 
0.281 164.812 426.375 820.843 1177.593 1403.812 1407.093 1802.625 2279.437 3981.843 
83.375 84.562 132.906 1395.468 1601.843 2573.812 3072.625 3100.562 3422.500 
317.750 497.343 559.593 820.031 1192.218 2305.562 2663.562 2912.281 3609.750 
246.250 621.187 965.593 2138.812 2731.000 2834.468 3955.156 
197.781 2462.187 2837.468 
