97.468 100.375 392.437 570.218 683.906 685.093 776.250 1187.281 1289.562 1514.687 1669.093 1692.312 1808.781 1814.156 1884.281 2039.125 2410.906 2537.906 2776.531 3087.406 3630.281 3717.437 3950.093 
47.937 67.656 77.250 327.062 569.000 569.843 582.937 932.937 1214.875 1531.625 1537.593 1686.375 1803.562 2034.375 2147.781 2177.625 2311.875 2453.875 2629.562 2636.000 2887.062 3053.156 3146.281 3271.281 3504.406 3830.156 3880.375 3937.718 
119.343 221.781 259.937 440.281 536.656 590.562 678.125 944.531 1207.187 1367.281 1514.281 1516.031 1541.437 1665.875 1825.562 1881.843 2526.875 2557.468 3086.468 3111.468 3246.406 3260.406 3270.843 3666.718 3691.781 3892.656 
103.625 230.218 235.718 260.750 405.250 841.468 921.093 928.812 1083.875 1141.625 1229.093 1233.312 1586.000 1711.843 1797.093 2373.812 2484.406 2567.281 2741.906 2753.031 2867.906 3543.218 3558.156 3967.593 3981.781 
104.500 387.031 403.812 411.156 623.343 837.937 848.500 855.343 1471.718 1575.843 1580.906 1656.406 1657.875 1837.812 1905.625 1977.593 2961.875 3155.000 3282.843 3292.812 3852.500 
33.000 54.218 120.375 192.937 333.093 1148.468 1189.500 1457.781 1773.156 1959.718 1980.906 2071.843 2584.906 2869.875 2873.125 2891.625 2893.406 2896.562 2981.812 3989.062 
14.437 22.125 114.093 234.375 423.843 668.250 844.406 848.656 857.593 1574.906 1582.968 1797.906 1908.156 1962.156 1967.000 2081.656 2258.656 2539.500 2710.687 2780.593 
70.250 131.843 572.906 583.156 831.875 850.875 953.281 1141.343 1363.500 1596.125 1799.750 1833.000 1995.750 2857.375 2863.125 3305.281 3419.218 3823.281 
123.562 182.125 348.937 407.906 579.562 835.343 1086.000 1494.281 1597.656 1915.062 1989.468 2031.093 2591.187 2650.593 2959.531 2975.156 3741.437 3988.687 
852.500 1164.156 1263.125 1464.531 1474.218 1525.125 1581.156 1938.656 2350.593 2380.437 2665.437 3323.187 3331.312 3752.843 3840.968 
