80.281 86.812 118.781 267.468 531.781 719.281 880.843 
346.000 354.812 1142.875 1266.000 2543.718 2550.687 2865.531 3595.937 
72.218 330.000 339.156 581.281 1464.781 2041.093 2631.000 2740.718 3832.500 
74.468 1815.000 2668.468 2805.406 2877.125 3127.656 3742.812 
467.093 774.718 1049.062 1094.218 3244.281 3254.781 3256.343 3594.937 3711.875 
259.281 475.375 1403.468 2346.312 2753.625 3610.843 3620.625 3935.562 
29.812 1128.843 1331.343 1395.656 1635.750 2409.062 2811.687 3921.031 
308.750 644.281 978.812 993.062 1195.281 1373.750 1928.187 2286.531 2729.718 2815.093 3157.906 3916.500 
592.218 933.156 2149.812 3747.437 
343.093 365.812 1307.187 1462.437 3904.437 3922.375 
