56.218 89.750 97.062 196.625 335.968 411.343 576.343 817.031 888.906 1185.062 1250.843 1307.843 1961.593 2219.687 2658.343 3914.062 3994.906 
39.375 104.937 751.406 787.062 809.125 1251.156 1907.312 2190.000 3709.593 
1168.656 2227.718 3444.531 3731.468 
266.062 536.281 802.187 1262.468 1758.187 1888.812 2487.093 2632.468 
863.781 1859.625 2482.750 2811.875 3046.781 3071.437 
351.156 719.125 1259.531 1804.250 2192.312 2958.656 2974.906 3976.718 
472.781 519.625 1638.250 2246.468 2306.625 2329.625 2663.562 3353.218 
656.031 882.000 1245.593 3169.093 3867.656 
388.093 1632.718 1685.875 3194.375 3261.093 
363.343 528.000 1432.656 1876.843 2223.718 3243.125 3244.406 3661.125 3678.625 
