38.156 50.875 187.531 194.937 463.875 711.093 845.062 1013.687 1340.531 1560.468 1631.468 1756.281 2349.812 2809.406 3090.343 3379.593 3725.906 
34.468 43.781 113.187 329.593 751.656 891.593 1016.031 1072.750 1096.562 1201.937 1367.875 1763.156 1930.031 2173.843 2176.031 2568.875 3137.875 3435.156 3627.843 
75.312 472.093 589.281 712.031 910.156 1303.406 1376.312 1416.500 1513.718 1582.656 1756.187 2110.218 2113.156 2254.468 2934.250 3197.906 3804.562 3836.875 
21.875 52.218 181.843 828.031 837.625 846.468 1308.031 1488.031 1593.625 1640.500 1854.656 2482.281 2503.812 2529.906 3385.125 3661.187 3835.406 3958.125 
43.750 62.875 93.093 107.968 116.406 130.156 160.593 302.718 513.468 711.750 761.812 804.906 840.406 892.031 1008.000 1229.718 1304.406 3095.437 3305.593 3505.125 3512.281 3836.468 3870.125 3877.125 3884.187 3902.125 
51.343 55.000 159.375 538.281 592.937 696.093 730.906 840.656 884.093 1005.031 1131.687 1313.468 1637.718 1734.250 1874.968 1988.156 2727.125 2830.687 2891.562 2976.250 3074.500 3676.156 3678.781 
33.062 51.218 62.250 361.437 387.718 455.093 594.125 610.437 763.906 795.968 888.125 1126.437 1154.968 1306.531 1616.906 1633.687 1791.656 1978.781 2206.625 2213.968 2607.375 2682.031 
55.687 85.875 197.437 389.968 504.468 625.531 774.625 1226.156 1327.343 1402.187 1495.156 1602.718 1630.875 1815.750 2230.468 3053.312 3323.468 3326.718 3328.562 
325.187 329.750 511.125 648.281 714.562 776.156 850.093 1113.187 1207.687 1314.375 1480.312 1706.500 2957.531 3050.250 3390.750 
56.218 82.843 1288.562 1563.031 2278.562 2924.062 2925.187 2987.656 
