255.843 269.000 341.218 411.187 484.000 1027.187 1550.125 1923.718 2143.187 2236.406 2863.437 2867.812 2872.343 3009.218 3015.093 3053.218 3346.531 3798.031 
202.906 689.812 1369.375 1543.812 2559.125 3425.281 3588.406 3772.187 
329.125 983.406 1488.781 2157.687 2491.812 3007.843 3024.125 3037.281 3360.968 3687.343 3951.875 
150.281 209.562 652.562 981.718 995.156 1328.687 1505.093 2581.093 2861.468 2864.093 2967.625 
480.562 916.562 920.843 1194.593 1564.687 1575.343 1862.187 3144.656 3236.437 3889.062 
151.750 224.437 368.656 1423.937 1444.968 2381.406 2393.718 2645.625 3503.718 3848.187 
262.468 286.468 691.875 716.531 919.406 1731.687 2615.250 3655.375 3851.375 
1967.093 1973.687 2233.781 2579.812 3152.125 3154.843 3842.781 3982.656 
268.500 1702.343 3461.687 3463.531 
220.187 432.343 436.062 1170.375 3351.062 
