-1954.782 -1895.844 -1852.032 -1713.094 -1427.532 -1278.500 -1152.282 -552.969 -479.907 -368.750 -179.188 24.031 31.468 140.593 215.093 276.406 281.750 359.250 369.468 395.656 507.406 571.000 651.812 674.468 792.375 1015.718 1022.000 1157.187 1249.218 1345.406 1394.312 1443.562 1478.906 1485.468 1517.718 1593.375 1614.656 1624.593 1669.062 1676.156 1718.562 1731.468 1740.468 1774.562 1867.750 1944.093 1975.906 2165.281 2221.406 2820.531 2952.093 3022.437 3231.343 3268.937 3410.187 3766.343 
-1997.657 -1726.438 -1689.719 -1596.657 -1401.688 -1173.719 -1023.500 -748.000 -431.282 -47.219 -2.719 19.218 59.750 77.000 102.656 109.250 130.250 146.781 152.156 216.812 219.968 311.843 336.937 508.375 571.093 595.781 652.000 654.437 676.250 753.625 760.406 791.531 865.343 1002.656 1022.437 1026.687 1053.156 1142.750 1185.812 1201.812 1229.093 1231.687 1286.562 1287.875 1371.000 1442.843 1595.343 1615.906 1820.218 1919.250 2242.500 2435.343 2701.500 2842.968 2859.125 3035.843 3179.531 3264.625 3331.968 3351.656 3431.437 3836.937 3951.468 
-1752.188 -1710.407 -1670.094 -1571.844 -1376.313 -929.532 -777.594 -595.000 -546.000 -495.938 -129.844 -15.125 102.656 105.281 127.375 313.125 348.531 365.187 447.906 513.406 547.093 571.718 687.218 691.625 724.281 916.906 923.125 1041.437 1057.750 1119.968 1139.781 1143.531 1198.000 1272.593 1400.437 1619.593 1705.250 1720.218 1753.781 1773.875 1824.437 1917.812 1975.375 2180.218 2283.500 2441.843 2483.312 2696.687 2912.281 3120.062 3258.781 3320.968 3404.437 3724.218 3926.250 3958.593 
-1981.375 -1934.875 -1811.688 -1775.969 -1754.125 -1712.938 -1414.094 -1295.125 -872.063 -776.063 -503.532 -483.344 -145.157 -111.219 -75.813 48.750 64.468 70.968 103.343 105.343 153.687 216.781 220.687 317.156 429.000 447.406 470.781 574.000 594.281 612.687 633.812 674.125 716.156 778.906 803.625 817.250 1059.593 1084.031 1116.656 1157.593 1166.500 1185.125 1291.531 1363.312 1440.468 1533.656 1559.312 1679.156 1721.937 1755.500 1821.000 1974.437 3054.781 3221.281 3259.875 3375.343 3452.218 3610.062 
-1908.563 -1858.625 -1794.844 -1729.875 -1673.563 -1592.375 -1579.125 -1515.219 -1284.000 -840.219 -514.719 -268.407 -243.250 -140.875 -78.813 58.187 107.000 119.375 168.156 281.531 297.093 311.843 395.218 467.406 470.312 481.718 485.125 507.500 549.718 687.375 769.218 779.968 873.531 1140.593 1224.906 1261.750 1311.250 1313.718 1331.187 1362.281 1365.031 1422.062 1630.062 1741.593 1912.031 1918.593 1935.906 2397.500 2469.437 2531.562 2740.062 2832.781 2907.187 3258.937 3307.437 3370.625 3406.781 3413.468 3463.375 3587.250 3739.750 3756.687 3767.125 3798.906 
-1868.907 -1703.375 -1455.688 -1364.657 -1325.407 -1316.875 -1239.063 -1036.219 -871.875 -473.907 -256.188 -246.469 -143.469 -105.938 -98.032 -2.375 17.093 49.562 63.531 73.843 151.375 214.593 220.562 234.250 355.375 427.750 444.593 510.437 543.500 549.875 593.218 676.625 686.125 739.187 755.250 764.812 781.312 803.593 815.625 857.875 872.343 886.125 909.593 918.875 959.531 964.781 966.031 983.343 1018.843 1039.875 1081.375 1119.843 1174.187 1183.093 1311.375 1530.625 1534.281 1542.656 1564.500 1615.156 1625.687 1703.625 1719.843 1741.718 1802.906 1893.718 1973.875 2126.656 2395.406 2426.000 2528.125 2604.375 2620.343 2854.593 2928.093 3046.312 3193.281 3261.968 3390.031 3427.312 3528.437 3604.312 3754.406 3783.875 3969.156 
-1920.500 -1894.594 -1795.688 -1736.032 -1716.657 -1656.844 -1559.219 -1385.813 -1219.688 -1074.813 -856.625 -734.844 -663.282 16.781 127.281 153.687 218.312 221.656 297.750 358.812 440.500 443.593 447.406 481.187 547.593 652.062 691.375 752.218 777.406 1054.062 1081.093 1138.656 1144.125 1157.843 1161.312 1182.687 1249.125 1311.437 1332.625 1394.218 1397.781 1480.062 1538.750 1590.750 1728.531 1741.312 1844.625 1936.968 2570.500 2612.125 2699.062 2819.156 2881.062 2915.031 3061.250 3063.468 3180.375 3227.000 3305.562 3425.125 3576.781 3797.156 3853.625 3857.250 3916.937 3994.468 
-1931.407 -1888.469 -1755.250 -1681.157 -1488.750 -1372.563 -1081.344 -1061.907 -1048.282 -975.719 -943.938 -879.875 -810.719 -654.938 -250.313 -149.500 -131.813 -64.844 27.843 35.343 71.718 154.000 234.593 278.875 318.000 344.750 380.250 468.750 507.562 512.843 535.656 578.468 612.031 728.437 792.218 802.312 811.093 835.031 958.625 1044.437 1064.250 1131.906 1139.875 1223.656 1240.031 1365.437 1440.218 1465.500 1561.218 1595.000 1735.781 1799.156 1802.218 1841.218 1895.687 1897.625 1912.125 1919.187 1942.000 2211.718 2299.593 2469.093 2529.625 2601.218 2895.312 2986.437 3011.562 3018.718 3129.500 3190.062 3272.593 3561.750 3598.062 
-1984.938 -1854.532 -1710.063 -1637.688 -1471.157 -1368.563 -1204.750 -961.844 -588.344 -453.688 -399.625 -293.313 -3.907 24.062 46.406 61.968 103.562 106.093 234.562 279.968 313.156 395.250 420.000 545.500 629.125 663.562 669.687 682.718 716.937 752.312 800.500 815.875 844.250 900.812 920.343 1140.406 1156.531 1159.375 1199.531 1262.031 1274.437 1286.000 1446.343 1595.218 1781.281 1803.343 1820.906 1824.937 1883.812 1896.562 1912.750 2091.031 2529.812 2554.375 2673.875 2804.312 3199.968 3333.031 
-1969.063 -1907.188 -1562.719 -1443.563 -1417.313 -1388.188 -1284.250 -713.532 -511.563 -471.032 -364.813 -197.782 -72.469 -31.219 31.437 53.187 63.000 71.593 85.968 107.187 184.062 216.500 220.500 310.125 358.406 362.937 430.625 440.531 470.656 481.781 612.375 650.406 670.843 673.343 680.468 686.562 765.437 803.281 839.343 899.718 919.812 929.500 1020.687 1040.375 1053.187 1077.437 1160.500 1183.656 1250.062 1262.062 1345.656 1362.218 1442.843 1562.281 1591.781 1614.875 1690.843 1804.156 1911.906 2179.687 2596.375 2734.281 2770.593 2887.000 2919.875 3337.500 3429.875 
-1855.782 -1816.907 -1806.594 -1501.157 -1328.688 -760.625 -663.438 -657.125 -596.344 -510.782 -433.125 -410.438 -156.313 -122.250 17.406 91.343 110.562 199.312 233.000 257.406 271.937 275.531 282.125 443.531 447.218 488.468 548.718 593.812 793.000 802.843 935.656 979.750 1050.187 1156.781 1203.531 1252.281 1316.718 1396.562 1545.062 1548.375 1550.937 1555.156 1617.500 1709.031 1820.500 2169.625 2195.093 2274.281 2396.937 2519.281 2550.718 2593.093 2639.812 2853.468 3372.093 3537.968 
-1746.125 -1737.750 -1624.563 -1558.375 -1424.907 -799.032 -719.719 -561.469 -480.344 -464.907 -265.282 -122.375 -89.782 12.625 62.718 66.593 71.375 93.031 136.281 195.812 278.687 281.843 312.000 395.593 446.875 512.375 613.093 628.906 673.187 718.937 763.718 802.812 840.937 958.968 983.562 1040.437 1081.000 1107.375 1186.843 1191.437 1199.781 1231.093 1419.625 1474.625 1592.375 1616.562 1661.531 1728.656 1801.562 1819.812 1895.093 1912.343 2014.250 2211.625 2273.625 2333.593 2337.968 2378.656 2396.000 2469.656 2744.968 3026.031 3078.312 3411.250 3426.187 3431.531 3813.875 3930.406 
-1931.938 -1878.032 -1710.688 -1683.344 -1100.375 -1064.907 -1056.125 -636.813 -201.844 55.781 63.968 73.281 147.531 189.062 280.687 322.312 631.875 637.500 763.593 1053.312 1054.843 1449.343 1450.781 1487.281 1591.875 1596.187 1617.968 1671.687 1843.343 1879.718 1935.906 2213.250 2541.781 2836.593 2900.968 3003.375 
-1838.657 -1763.750 -1737.969 -1537.969 -1343.938 -1014.438 -531.500 -352.094 78.156 234.968 394.125 444.375 510.625 577.062 731.500 784.843 789.781 802.093 810.750 893.843 918.187 935.125 941.843 984.218 1017.562 1022.562 1187.250 1227.406 1267.093 1393.906 1661.781 1703.687 1882.593 1935.656 2316.500 2803.000 2950.187 3041.156 3150.375 3233.500 3614.843 3706.968 3750.250 
