-1939.157 -1903.625 -1516.813 -373.125 -245.688 -181.688 -175.563 77.031 94.593 110.312 122.781 195.718 256.437 340.000 493.406 556.406 561.718 622.531 678.250 852.125 868.656 944.562 976.406 1026.718 1058.812 1060.812 1083.250 1095.437 1189.156 1265.812 1281.343 1300.718 1355.093 1515.437 1604.656 1675.187 1731.812 1770.187 1791.406 1795.937 1833.937 1898.656 2279.031 2442.562 2516.625 3302.500 3425.812 
-1673.250 -1628.250 -1576.907 -1385.813 -1150.532 -1146.125 -1013.969 -984.563 -739.813 -680.532 -621.625 -554.938 -271.782 -66.344 23.937 64.375 85.812 94.343 122.281 146.718 158.968 226.562 229.875 256.218 339.656 354.968 378.468 596.125 622.531 639.031 676.156 729.156 796.125 806.062 867.656 945.625 961.531 1114.750 1216.843 1231.437 1326.562 1404.500 1479.218 1494.750 1545.500 1763.250 1912.156 1928.281 2488.531 2679.437 2799.500 2851.687 3128.093 3148.093 3218.906 3271.468 3504.406 3561.937 3622.531 3771.937 3873.312 
-1952.532 -1590.313 -1445.157 -1379.813 -802.469 -553.782 -473.938 -407.907 -284.282 -260.063 -242.750 -60.750 -27.125 -3.938 23.812 45.687 49.500 52.062 98.750 148.718 171.250 181.218 425.250 589.812 632.375 662.125 720.687 742.125 794.750 976.718 1023.593 1027.156 1092.343 1175.593 1185.437 1301.968 1369.281 1411.906 1414.156 1442.875 1465.906 1498.968 1546.875 1898.031 1946.312 1968.500 2092.625 3043.093 3140.000 3250.312 3453.656 3559.031 3658.875 3734.406 3875.125 3910.875 3994.562 
-1913.813 -1873.688 -1682.219 -1571.375 -1400.750 -1260.375 -1171.563 -992.438 -950.782 -712.282 -455.438 -366.938 -107.250 -58.282 67.187 103.906 111.093 142.531 187.531 208.343 229.781 340.281 380.000 396.718 425.531 536.875 678.937 733.593 739.125 794.781 822.218 868.625 887.687 899.343 911.562 939.625 947.281 1084.156 1150.125 1174.500 1183.343 1263.062 1300.531 1304.000 1351.593 1463.593 1501.187 1529.562 1643.906 1644.875 1658.781 1673.531 1675.906 1761.781 1878.093 1966.156 1983.218 2365.968 2416.437 2665.468 3017.062 3170.562 3362.843 3471.687 3472.375 3536.031 3598.562 3684.531 3810.000 3856.187 3889.500 3943.875 
-1941.375 -1672.094 -1460.750 -1266.313 -909.032 -540.532 -333.250 -202.907 83.843 95.437 102.875 110.062 121.031 143.750 154.000 172.500 210.187 272.031 288.906 384.968 512.875 595.468 608.781 625.468 662.937 727.218 748.875 795.531 807.093 855.250 1036.093 1129.781 1255.531 1336.031 1346.687 1379.625 1438.843 1442.843 1464.218 1490.218 1537.531 1539.250 1542.875 1546.625 1562.781 1580.500 1588.812 1659.968 1674.843 1710.468 1734.000 1763.812 1850.218 1872.062 1922.062 1942.281 1968.500 2143.718 2271.625 2289.218 2343.593 2438.875 2862.687 2955.843 3038.093 3172.937 3195.687 3247.031 3292.781 3313.093 3433.468 3919.968 
-1697.657 -1598.344 -1448.000 -1391.094 -1380.875 -1215.094 -1186.813 -1179.157 -1070.094 -975.188 -890.907 -747.688 -699.438 -508.782 -391.563 -115.719 -26.907 39.375 97.250 106.250 121.437 141.968 158.312 211.406 213.687 226.562 344.343 398.406 425.125 484.343 562.687 1091.718 1129.625 1154.187 1175.625 1212.562 1346.812 1351.031 1369.281 1405.718 1413.312 1437.593 1499.531 1767.343 1794.000 1850.718 1919.812 1962.968 1967.687 2167.281 2201.187 2285.125 2818.812 2998.125 3017.218 3181.531 3381.875 3402.812 3493.468 3503.843 3671.187 3717.281 
-1956.813 -1944.344 -1616.500 -1568.625 -1482.719 -1169.375 -1103.188 -757.219 -596.250 -116.188 -74.688 11.406 20.312 22.875 43.156 49.062 63.437 69.312 87.093 143.625 171.875 181.031 187.625 213.500 272.375 275.250 353.500 446.656 564.875 574.750 607.593 801.125 847.250 855.750 924.625 982.781 1004.750 1023.406 1081.562 1170.812 1353.843 1579.656 1652.718 1658.000 1674.781 1764.468 1796.281 1849.562 1864.250 1870.281 1920.375 1962.875 1984.312 2044.625 2226.531 2336.156 2696.468 3012.656 3033.406 3538.218 3573.562 3620.187 
-1697.438 -1564.469 -1526.844 -1271.688 -1249.719 -1037.563 -785.813 -759.969 -621.719 -543.907 -471.032 -214.532 -98.438 -38.500 24.500 64.531 76.062 83.562 141.781 146.281 147.843 157.562 223.312 258.187 272.812 276.031 289.656 309.875 343.375 379.093 398.968 434.500 534.843 561.062 596.656 656.625 728.781 740.875 771.468 794.531 797.781 851.562 1003.406 1061.687 1114.687 1138.468 1211.875 1232.562 1346.812 1351.093 1368.750 1408.781 1413.562 1458.625 1486.125 1499.281 1545.250 1785.968 1832.125 1848.968 1932.687 1967.250 2683.812 2705.750 3039.187 3046.687 3241.812 3451.375 3502.000 3523.812 3577.625 3744.781 3923.718 
-1463.375 -1196.625 -920.813 -819.032 -679.000 -550.219 -328.719 -208.125 106.406 121.468 146.593 171.156 175.156 222.406 226.406 268.718 271.656 278.000 311.625 316.187 339.343 355.625 401.906 500.875 511.562 574.937 651.812 865.562 870.125 894.718 1185.406 1377.968 1421.875 1490.281 1562.500 1657.687 1680.968 1711.843 1743.875 1755.437 1941.562 2092.343 2121.156 2278.093 2534.218 2700.218 2888.531 2897.781 2992.000 3007.187 3046.125 3112.375 3134.500 3424.187 3667.781 3963.187 
-1896.032 -1522.407 -1486.063 -1398.563 -696.250 -523.125 -473.750 -376.907 -348.532 -310.688 -243.313 -37.594 39.531 46.937 77.781 96.718 110.468 130.843 141.906 146.437 255.812 313.468 354.031 397.875 466.843 573.593 676.812 678.750 729.343 769.437 857.000 927.187 976.312 1169.718 1183.625 1212.125 1229.906 1305.281 1323.125 1415.531 1438.468 1463.875 1489.156 1539.406 1546.625 1705.093 1733.187 1772.093 1813.218 1832.312 1838.156 1850.125 1860.062 1962.968 2632.718 2647.500 2715.531 3026.750 3108.500 3207.812 3306.343 3343.218 3378.187 3404.531 3443.687 3700.406 3798.187 
-1984.438 -1836.032 -1723.063 -1690.719 -1028.094 -928.438 -354.688 -350.719 -348.188 -328.250 -312.032 -307.188 -277.532 -209.969 -200.282 98.812 104.843 170.812 191.968 259.906 275.531 311.937 430.906 488.406 518.812 638.312 655.812 677.937 680.687 701.500 748.687 852.781 870.406 911.687 919.468 977.218 1053.406 1057.187 1287.687 1304.000 1324.250 1499.468 1604.531 1711.500 1834.406 1880.437 1898.281 1931.125 1935.312 1964.750 1967.312 2194.437 2306.875 2854.562 3360.562 3384.218 3407.687 3438.343 3493.468 3533.812 3651.781 3943.656 
-1954.907 -1437.219 -1431.375 -1428.875 -1424.750 -1361.250 -1260.375 -1243.125 -1078.344 -1041.969 -566.000 -533.469 -480.844 -472.063 -402.532 -203.938 -191.438 53.281 75.625 82.062 83.406 86.062 143.218 343.781 497.375 702.937 709.750 737.531 740.687 794.937 852.125 899.281 1035.906 1056.687 1169.750 1185.656 1216.531 1250.312 1304.312 1318.812 1463.375 1486.437 1567.687 1869.750 1952.250 1965.781 2203.000 2255.718 2503.531 2703.843 2879.687 3252.750 3289.500 3291.218 3517.125 3715.031 3893.468 
-1957.907 -1771.875 -1732.344 -1374.813 -952.594 -816.094 -608.657 -308.219 -207.157 -167.282 -112.219 -95.438 67.500 102.937 111.906 120.625 146.906 180.437 256.250 399.593 501.031 537.250 749.437 826.531 943.000 1023.656 1050.750 1211.906 1212.406 1216.031 1612.906 1916.312 1965.468 1982.156 2070.218 2094.812 2122.937 2165.656 2272.375 2413.906 2537.218 2586.437 2595.843 2799.312 3091.531 3293.375 3399.281 3543.281 3647.812 3728.000 3815.625 3848.656 3935.500 3982.281 
-1825.157 -1727.000 -1656.969 -840.625 -803.563 -445.407 -283.063 -237.594 -173.282 16.875 44.937 84.468 223.687 290.562 300.968 356.125 489.625 499.218 544.843 588.750 660.375 678.906 767.343 854.218 871.406 894.218 898.531 1055.968 1149.718 1222.937 1323.968 1412.406 1464.718 1478.750 1546.406 1703.687 1745.156 1851.187 2183.156 2238.156 2355.906 2381.468 2655.437 2678.031 2728.250 2867.781 3465.000 3701.437 3719.187 
