-1645.813 -1502.907 -1380.344 -542.657 -480.313 47.031 55.281 118.000 122.843 253.562 332.062 557.812 576.937 643.812 645.500 721.718 726.875 736.906 750.593 754.125 936.218 1057.125 1086.968 1094.062 1116.968 1244.375 1248.062 1327.000 1378.093 1393.125 1420.031 1511.312 1565.093 1669.656 1680.406 1749.062 1793.187 1894.125 1915.531 1962.156 2319.156 2826.281 3464.000 3500.343 3943.250 
-1433.032 -1285.813 -1115.250 -895.032 -838.250 -219.063 34.375 46.968 56.593 72.593 83.125 87.593 92.593 104.906 118.500 138.218 235.250 397.500 447.312 465.781 476.000 551.906 554.093 556.750 646.718 671.812 737.875 748.687 784.718 819.156 884.906 984.656 1118.281 1163.562 1481.531 1511.656 1631.406 1639.343 1656.156 1667.812 1670.750 1673.531 1696.718 1841.468 1870.500 1920.781 1963.437 1985.375 2393.500 2750.156 2813.625 2846.125 2872.500 3444.093 3512.437 3537.281 3703.562 3731.343 3830.750 
-1908.563 -1854.407 -1818.594 -1743.969 -1519.750 -1491.438 -1357.657 -1252.500 -1021.813 -1000.938 -889.063 -835.719 -493.250 -443.157 -352.844 17.500 34.093 46.250 51.375 145.968 191.406 206.031 258.906 306.781 317.656 322.531 372.937 397.093 446.531 508.875 552.187 556.437 584.093 606.562 609.593 643.875 646.187 664.375 682.562 736.687 751.062 784.156 882.281 888.218 916.093 929.375 1055.500 1085.812 1088.937 1115.156 1116.531 1141.312 1208.156 1320.343 1374.156 1388.218 1413.718 1479.812 1572.218 1593.906 1784.125 1934.312 1967.125 1973.125 1983.312 2279.656 2329.531 2412.187 2459.281 2657.500 2762.781 2926.093 2957.125 2988.875 3016.500 3072.812 3108.531 3133.906 3189.812 3352.125 3466.937 3650.718 3742.687 3889.843 3949.968 
-1870.063 -1772.063 -1754.875 -1731.750 -1680.344 -1540.875 -1503.750 -1323.407 -1277.500 -1158.969 -464.032 20.968 28.031 72.781 118.906 134.781 137.625 144.718 204.875 253.031 311.250 319.718 331.250 335.281 368.218 404.343 446.906 457.156 552.718 608.750 748.812 779.937 782.406 818.031 910.875 916.187 1117.750 1191.812 1202.937 1207.125 1221.343 1364.687 1444.437 1511.906 1516.156 1572.875 1627.812 1717.937 1792.687 1873.875 1963.562 1985.062 1988.875 2786.812 2881.875 3039.968 3578.593 3694.812 3736.812 
-1984.844 -1957.063 -1889.188 -1858.157 -1807.813 -1641.407 -1515.719 -1339.594 -1318.907 -1264.782 -1161.500 -1113.844 -984.219 -781.844 -728.438 -495.657 -300.125 -88.907 81.625 118.781 145.750 206.937 266.906 273.281 361.000 413.375 492.875 535.843 551.968 554.562 626.281 643.718 683.937 748.687 754.312 828.875 840.343 844.875 882.437 921.375 988.156 1050.062 1054.125 1093.812 1204.062 1269.000 1326.312 1366.968 1459.343 1480.968 1517.156 1544.281 1593.312 1639.187 1656.218 1661.281 1690.187 1697.468 1727.812 1755.093 1874.500 1982.750 2033.656 2287.312 2444.156 2506.656 2585.062 3319.000 3412.250 3506.812 3599.875 3743.031 3771.656 3950.562 3992.750 
-1924.719 -1775.157 -1653.094 -1583.219 -1294.813 -1154.188 -1109.782 -1070.657 -968.125 -842.063 -716.188 -667.188 -646.125 -339.000 -253.250 52.812 73.125 140.312 178.312 239.968 307.937 320.968 333.656 356.531 415.625 488.218 543.250 554.562 577.562 588.718 600.656 606.000 646.156 653.343 666.250 679.718 734.843 749.593 779.531 823.593 906.093 910.000 916.031 1002.312 1046.562 1082.156 1116.812 1167.281 1192.750 1222.937 1271.812 1284.531 1388.343 1426.750 1458.187 1600.625 1628.875 1641.843 1701.156 1789.781 1973.031 1982.406 1986.406 2437.531 3115.187 3150.750 3177.875 3256.375 3276.093 3329.250 3389.593 3432.250 3538.531 3972.593 
-1656.657 -1618.094 -1579.969 -1493.657 -1401.032 -1393.313 -1177.907 -1080.344 -1044.594 -801.625 -551.344 -431.469 -263.938 20.343 27.968 58.093 88.343 107.875 147.437 177.781 187.187 204.750 310.093 319.718 322.218 366.187 386.843 403.187 493.187 533.156 609.750 754.406 780.156 782.656 830.468 873.937 885.656 931.125 957.812 987.406 1027.843 1087.343 1099.562 1114.093 1116.718 1140.593 1166.593 1193.250 1244.000 1247.093 1327.250 1354.281 1372.093 1390.218 1420.125 1427.437 1444.500 1496.437 1547.562 1752.562 1973.531 1983.187 1986.968 2110.281 2537.687 2725.000 2870.437 3019.437 3049.562 3059.125 3114.968 3157.062 3252.750 3304.687 3585.781 3677.875 3707.875 3720.468 3777.843 
-1829.688 -1772.375 -1718.469 -1445.282 -1347.250 -1128.782 -597.875 -482.250 -426.938 83.687 116.531 133.781 141.187 199.781 242.500 266.500 277.906 331.718 356.312 376.375 541.500 554.562 583.218 670.625 720.781 724.843 766.250 874.781 907.281 916.031 962.218 1054.531 1081.375 1094.750 1113.375 1116.500 1152.406 1443.906 1485.906 1576.250 1611.375 1625.968 1639.718 1663.687 1670.343 1717.187 1749.406 1783.968 1870.937 1975.906 1982.687 2363.500 2397.343 2437.281 2780.375 2783.656 3039.093 3163.750 3348.531 3423.531 3857.281 3862.375 3949.593 
-1979.594 -1772.813 -1558.625 -1358.125 -938.125 -922.250 -894.625 -805.750 -646.063 -440.000 -201.063 -49.688 -15.688 26.781 65.343 86.812 108.187 159.656 173.218 186.562 307.906 493.437 672.093 780.062 850.687 870.343 905.500 910.718 914.062 945.625 1070.500 1143.281 1153.125 1156.250 1167.468 1203.625 1246.812 1353.875 1433.375 1614.281 1696.437 1751.156 1791.312 1797.406 1958.218 1994.593 2306.562 2478.218 2522.125 2553.375 2638.062 2893.875 2959.187 3019.531 3386.312 3732.250 3753.968 3830.312 3894.531 
-1963.157 -1937.438 -1691.563 -1307.157 -1216.719 -1163.250 -1097.094 -674.438 -659.844 -477.938 -228.875 -200.188 -125.125 97.937 165.125 186.781 259.156 263.843 273.468 334.625 356.093 365.562 390.875 418.250 441.843 465.812 510.156 552.656 770.437 779.343 791.718 872.468 998.812 1025.750 1067.656 1153.437 1185.093 1199.093 1208.781 1213.187 1221.843 1315.312 1418.312 1754.000 1785.812 1791.250 1978.000 2308.500 2848.718 2892.312 3074.593 3178.625 3434.625 3524.375 3615.968 
-1855.563 -1232.657 -1076.688 -909.844 -889.219 -687.375 -644.438 -565.875 -365.844 -264.032 -237.438 -101.407 26.937 62.500 173.156 272.250 350.187 360.812 379.593 408.843 492.093 659.781 686.218 735.781 753.468 819.312 915.937 965.343 1119.843 1185.375 1204.687 1222.093 1273.093 1390.062 1510.718 1592.843 1639.562 1655.937 1753.156 1789.375 1903.406 1915.281 1977.093 2160.718 2226.062 2522.562 3049.812 3144.343 3354.937 3718.656 3739.375 3822.750 3861.218 3862.625 
-1909.657 -1622.938 -1564.094 -1328.688 -1244.813 -1210.063 -1060.250 -920.938 -821.094 -627.469 -564.500 -537.094 -398.750 -194.032 -34.688 27.187 29.781 88.281 159.843 176.218 237.750 356.062 360.093 381.906 459.906 536.218 626.125 670.562 785.593 864.562 879.312 922.875 960.218 1047.187 1087.062 1095.125 1228.343 1383.093 1481.875 1516.218 1559.687 1592.875 1629.968 1668.593 1789.093 1792.937 1865.250 2142.187 2216.187 2461.687 2739.375 2970.375 3052.000 3144.625 3518.281 3856.562 3890.468 
-1972.282 -1968.563 -1861.688 -1807.125 -1305.438 -1237.688 -1010.750 -1002.313 -848.469 -663.250 -615.219 -259.125 49.312 58.312 68.468 117.656 126.437 135.593 172.875 191.718 251.187 396.562 398.937 401.875 521.750 534.593 544.437 608.656 626.031 679.531 704.968 725.500 786.218 958.500 1026.531 1068.343 1091.843 1205.500 1208.531 1222.062 1308.562 1353.687 1368.656 1418.156 1446.406 1517.781 1591.968 1608.875 1629.500 1689.750 1696.312 1751.281 1791.250 1841.781 1891.781 1917.500 1934.343 1963.562 2175.343 2829.093 2907.562 3273.531 3366.437 3508.156 3684.750 3701.062 
-1908.969 -1279.938 -1042.844 -832.157 -593.282 -487.219 -349.625 -276.688 -205.750 -133.969 17.562 20.625 32.843 116.156 141.531 146.343 365.625 399.343 539.625 585.187 732.562 771.187 983.468 1067.718 1093.718 1116.750 1207.062 1261.843 1372.062 1420.531 1496.562 1519.687 1668.062 1671.312 1689.937 1749.531 1842.437 1856.531 1882.000 2065.093 2413.843 2443.843 2532.406 2769.218 2988.281 3193.937 3522.718 3639.156 
