-1929.063 -1845.313 -1806.313 -1405.844 -1150.438 -350.719 -214.375 -140.969 -138.907 -34.750 21.968 35.843 68.531 95.125 126.718 130.718 160.062 193.875 198.093 202.687 286.875 351.781 385.968 545.906 575.625 785.906 821.531 990.718 1086.968 1210.125 1236.937 1265.656 1513.468 1609.718 1657.750 1760.000 1802.031 1875.906 1928.937 1948.625 1971.687 2000.781 2092.750 2173.343 2296.687 2332.125 2458.125 2661.750 2855.375 3742.781 3793.343 3860.125 3913.562 
-1907.219 -1837.813 -1800.313 -1456.313 -1261.625 -1145.344 -1041.032 -1011.375 -629.063 -223.125 -152.219 47.843 66.468 76.000 81.375 97.250 153.406 189.406 191.468 203.187 213.968 258.468 330.968 346.750 348.906 388.218 397.843 438.656 491.968 568.750 577.125 813.250 904.468 1086.875 1093.062 1126.437 1209.781 1263.562 1282.437 1303.781 1324.000 1366.562 1373.562 1376.343 1379.968 1514.281 1517.625 1587.750 1660.750 1765.500 1930.125 1954.500 1986.781 1992.500 2121.125 2546.375 2622.468 2939.062 3249.031 3696.281 3796.406 3932.125 3941.531 
-1969.125 -1672.532 -1492.000 -1299.125 -1150.750 -1131.063 -833.000 -598.657 -72.875 34.968 71.531 77.531 82.718 150.875 187.625 190.031 219.937 248.406 255.218 258.531 283.750 286.718 330.343 348.531 389.218 415.281 454.531 484.656 593.875 680.937 682.968 734.531 781.031 814.187 849.062 854.718 946.875 1024.875 1083.968 1129.531 1184.031 1190.406 1241.125 1262.281 1314.125 1366.812 1375.656 1447.156 1584.375 1608.468 1640.781 1660.281 1669.531 1729.750 1741.750 1857.312 1946.968 2246.500 2810.625 2852.906 2898.156 3554.312 3605.156 3688.000 3814.843 3935.656 
-1869.782 -1687.750 -1333.063 -1280.813 -1164.125 -1042.532 -776.875 -590.344 -340.782 -317.063 -147.188 29.156 73.843 77.281 126.593 190.062 270.375 286.968 393.000 430.250 491.781 493.718 568.968 613.406 635.843 656.625 682.468 685.500 739.718 784.312 846.718 931.343 943.781 1035.968 1122.406 1209.625 1237.750 1282.593 1375.593 1413.625 1551.906 1683.218 1764.187 1823.875 1831.125 1873.062 2055.187 2106.281 2689.656 3070.843 3097.468 3260.031 3416.281 3651.718 3676.750 3754.218 3815.750 3819.125 3951.937 
-1987.188 -1493.563 -1455.532 -1405.313 -917.844 -652.375 -530.282 -478.250 -81.438 69.531 160.843 221.156 322.625 348.312 548.156 578.375 612.687 718.218 741.187 811.968 848.468 906.812 947.468 953.468 974.343 1021.656 1055.875 1189.218 1268.781 1303.218 1344.781 1377.093 1517.843 1612.406 1638.625 1721.687 1791.406 1801.125 1841.000 1934.062 2212.562 2314.406 2381.843 2394.937 2417.093 2972.875 3064.531 3077.375 3135.218 3289.187 3424.500 3477.187 3484.781 3525.187 3529.937 3551.906 3849.718 3960.593 3984.156 
-1685.000 -1516.375 -1414.313 -1268.594 -1217.875 -1102.375 -1001.657 -878.875 -801.532 -521.094 -264.813 -195.657 3.906 47.750 64.468 81.937 94.468 100.781 140.093 256.937 474.937 570.531 614.468 647.375 654.312 681.031 695.187 737.812 865.406 866.625 944.343 997.000 1181.531 1235.031 1323.531 1368.187 1448.468 1509.281 1587.250 1589.531 1621.343 1662.406 1668.843 1691.031 1718.718 1731.937 1761.562 1764.781 1790.062 1937.406 1957.656 1971.468 1973.906 1990.218 2147.250 2618.718 2681.187 2685.750 2789.843 2836.937 2873.468 3231.156 
-1966.782 -1792.219 -1514.594 -1380.563 -1341.657 -1267.094 -957.438 -691.813 -664.813 -549.907 -520.344 -328.750 72.718 125.593 152.593 158.968 253.500 257.000 285.281 398.531 464.343 475.906 478.500 653.906 656.343 680.531 682.656 757.218 790.625 866.406 945.312 1082.062 1089.468 1106.656 1183.562 1284.656 1302.875 1361.687 1367.406 1432.937 1477.875 1609.843 1639.625 1729.968 1829.406 1935.093 2094.593 2096.593 2150.906 2201.687 2225.125 2328.937 2371.687 2661.093 2736.031 3079.250 3166.156 3283.750 3345.093 3498.687 3901.843 
-1702.407 -1606.782 -1576.469 -1471.969 -1158.782 -1077.313 -1027.000 -826.313 -772.750 -660.938 -434.750 -140.063 5.562 23.218 66.000 153.812 189.218 199.875 204.000 255.593 282.781 286.281 323.656 325.312 348.625 387.093 396.625 401.375 432.812 523.468 547.937 656.250 682.375 819.000 850.062 853.906 944.468 1056.062 1076.593 1082.093 1138.468 1210.000 1266.000 1444.156 1498.843 1607.312 1759.500 1791.781 1798.500 1872.625 1906.062 1974.093 2226.468 2662.843 2691.687 2853.062 2859.562 2900.281 2991.593 3303.062 3306.656 3416.562 3665.031 3748.781 3779.375 3815.093 3963.125 3973.031 
-1996.657 -1976.594 -1938.532 -1887.813 -1705.625 -1657.625 -1630.688 -1164.813 -1041.000 -822.625 -700.032 -514.313 -498.625 -217.969 -138.219 -27.719 72.593 139.750 184.906 244.500 268.125 288.156 388.968 414.750 475.000 541.375 547.062 548.812 592.843 658.500 680.093 682.406 689.000 720.343 1125.375 1164.593 1272.531 1320.187 1420.187 1479.625 1541.062 1586.906 1640.875 1718.968 1732.531 1758.625 1896.187 1925.125 1991.531 2170.562 2407.687 2575.781 2987.312 3039.281 3391.093 3424.906 3699.187 3850.437 3865.812 
-1855.157 -1785.063 -1283.250 -1225.063 -1143.844 -777.438 -771.813 -727.375 -510.594 38.875 47.968 61.625 74.750 99.875 125.125 155.812 192.656 220.562 238.625 331.187 348.531 580.375 622.875 720.781 732.062 784.406 863.093 1075.500 1192.093 1494.031 1538.968 1614.375 1642.125 1661.000 1763.781 1768.875 1787.500 1791.437 1830.281 1893.281 2304.500 2314.531 2693.812 2763.625 2827.875 2922.093 3030.812 3108.156 3263.875 3936.000 3973.718 
-1935.000 -1782.625 -1744.344 -1615.094 -1535.625 -1449.438 -1415.125 -1325.000 -786.188 -775.625 -761.313 -663.813 -612.532 -508.688 -492.782 -295.563 -103.219 23.843 33.312 200.281 223.281 283.125 390.656 541.187 546.562 616.437 850.218 945.031 956.875 997.062 999.218 1158.531 1223.281 1266.125 1282.156 1368.000 1513.562 1516.781 1534.750 1550.750 1856.718 1875.312 2035.500 2066.406 2119.562 2229.375 2317.531 2587.593 2650.968 2799.875 3792.500 
-1740.750 -1734.032 -1563.469 -1440.000 -1435.688 -1132.875 -955.313 -844.625 -751.750 -717.657 -658.407 -630.188 -608.032 -253.157 -221.000 -84.407 62.031 75.312 81.750 205.281 331.031 569.812 579.312 654.968 686.468 743.312 783.437 865.593 947.031 1091.906 1268.687 1344.250 1345.187 1445.593 1514.875 1532.031 1552.281 1614.625 1657.156 1690.843 1743.343 1972.000 2503.687 2564.406 2661.937 3198.062 3286.562 3807.156 3837.718 3868.531 3957.312 
-1719.282 -1615.094 -1019.313 -934.657 -881.407 -805.594 -775.250 -163.219 53.218 125.937 165.031 202.968 206.750 216.562 255.843 257.687 303.437 391.156 452.781 519.375 570.187 577.312 720.750 738.875 812.156 1124.218 1210.125 1249.593 1302.875 1348.406 1490.281 1947.031 2030.125 2355.625 2715.968 2793.156 2938.093 3257.781 3441.250 3737.718 
-1865.157 -1449.469 -1320.813 -1149.594 -1053.875 -1036.250 -855.063 -183.000 -65.719 -50.219 -8.688 48.062 65.312 127.281 134.343 151.031 166.968 185.343 240.968 261.656 436.750 523.718 614.843 627.906 658.125 683.812 717.750 740.250 780.531 944.781 974.156 979.656 1183.562 1306.531 1324.250 1401.875 1442.906 1490.906 1513.250 1657.312 1666.937 1689.906 1733.031 1788.125 1801.718 1950.031 1956.531 1974.687 2146.875 2402.718 2451.156 2668.875 2988.000 3203.687 3254.281 3482.656 3906.562 3946.468 3981.125 
