-1878.969 -1097.219 -1081.375 -1003.532 -954.125 -866.157 -830.282 -515.782 -182.157 23.593 114.562 157.343 195.218 216.468 218.250 240.093 290.906 312.000 316.156 363.312 470.406 527.343 611.937 646.781 688.625 869.250 873.375 888.937 1019.375 1111.906 1161.656 1172.343 1202.375 1211.781 1223.625 1252.468 1528.593 1613.531 1699.781 1725.093 1731.156 1766.812 1842.062 2723.468 3007.031 3103.031 3231.312 3449.687 3541.593 3714.218 
-1939.219 -1862.438 -1774.375 -1705.875 -1656.657 -1284.032 -1221.250 -1190.063 -963.313 -934.094 -385.532 -358.500 -333.782 -120.875 -15.969 70.437 81.843 98.125 129.468 157.718 160.750 188.125 207.437 216.062 256.593 298.500 314.906 358.750 365.593 382.343 498.781 510.500 524.000 532.218 543.687 642.062 850.375 855.812 869.875 875.375 891.375 990.968 1077.218 1115.406 1142.062 1225.562 1318.843 1430.937 1439.500 1482.687 1511.312 1598.312 1665.312 1681.031 1731.625 1764.906 1800.468 1869.281 1944.406 3201.218 3286.031 3375.281 3596.625 3674.468 3947.750 
-1498.188 -1438.625 -985.407 -921.875 -618.969 -370.532 -308.532 -62.657 98.250 161.750 199.562 212.062 257.312 328.656 364.093 383.406 448.062 585.531 588.500 672.031 680.875 724.000 726.156 894.812 965.656 1076.500 1142.375 1145.406 1200.500 1254.593 1275.968 1349.812 1412.093 1472.375 1549.906 1595.406 1701.406 1728.500 1783.531 1799.656 1845.031 2211.156 2501.750 2688.625 2708.750 2747.312 3046.500 3170.687 3315.656 3517.281 3766.750 3837.468 
-1928.032 -1874.344 -1652.125 -1636.844 -1602.063 -1583.000 -1458.657 -1430.969 -1299.375 -1117.594 -1039.188 -977.563 -903.250 -578.938 -549.125 -472.750 -408.969 -364.844 -275.844 -269.250 -237.813 -107.938 -70.313 0.312 45.250 114.000 219.062 224.343 299.718 311.593 329.468 332.375 363.187 396.218 471.187 501.437 524.437 569.156 633.093 667.343 674.468 701.312 767.875 790.250 870.312 890.593 990.875 1016.937 1071.312 1130.437 1145.156 1186.437 1222.843 1237.000 1241.406 1252.781 1311.718 1349.968 1463.750 1514.781 1549.937 1569.187 1580.468 1666.250 1700.187 1714.218 1745.750 1828.593 1854.750 1921.593 1956.250 1970.781 2823.812 2833.125 2861.031 2876.031 2983.218 3094.687 3159.562 3190.343 3231.656 3298.437 3354.687 3596.437 3629.125 3850.875 3972.625 
-1881.907 -1806.094 -1620.563 -1590.813 -1469.688 -1402.969 -1228.219 -1178.344 -1145.250 -1077.782 -786.094 -745.532 -656.000 -569.719 -435.719 -374.469 -228.063 -168.375 16.937 66.218 156.843 164.093 200.062 205.937 397.312 425.125 496.406 499.468 531.187 672.625 688.093 704.906 726.656 729.218 787.031 810.687 936.281 1008.656 1077.562 1114.500 1117.687 1147.531 1180.281 1192.562 1202.781 1223.343 1256.375 1277.687 1331.187 1364.406 1525.312 1614.031 1682.468 1790.625 1854.593 1879.968 1912.781 1992.906 1997.781 2046.781 2150.125 2438.000 2625.250 2972.375 3225.343 3304.062 3424.625 3432.093 3477.687 3646.875 3667.000 3727.187 
-1960.500 -1585.250 -1550.750 -1012.188 -985.969 -911.375 -885.063 -758.500 -692.438 -691.657 -650.313 -481.375 -406.782 -374.282 -196.094 -8.157 63.968 67.343 104.875 133.093 135.687 146.000 206.750 214.625 223.125 267.406 305.156 358.625 397.093 542.843 570.375 644.437 677.343 726.906 735.406 830.968 875.156 922.093 1098.187 1144.187 1194.218 1242.218 1358.750 1413.156 1454.031 1463.250 1471.156 1496.437 1548.406 1612.031 1666.500 1737.375 1748.406 1788.500 1797.906 1854.281 1880.656 1941.062 1975.218 2318.500 2421.000 2463.406 2604.125 2637.281 2710.312 2825.375 2974.343 3122.062 3163.906 3181.718 3267.312 3315.093 3424.343 3496.406 3651.906 3734.968 3824.375 
-1925.313 -1503.188 -1382.375 -1284.688 -1148.219 -1120.344 -983.969 -977.844 -634.188 -209.594 -196.657 17.531 139.312 183.562 205.062 216.906 219.500 266.375 329.125 331.687 358.312 398.812 448.781 502.156 570.312 619.187 628.250 648.218 672.718 676.656 731.218 810.031 835.500 848.843 854.437 862.250 916.843 952.343 1034.625 1040.843 1052.687 1197.531 1212.218 1216.375 1238.062 1251.656 1454.875 1471.281 1548.375 1559.812 1700.281 1771.156 1782.062 1804.281 1827.375 1942.718 1955.187 1969.093 1976.187 2335.593 2414.156 2450.406 2540.093 2870.062 3021.093 3076.875 3256.093 3347.281 3348.343 3409.875 3443.156 3472.718 3582.000 3736.218 3794.843 3987.781 
-1938.875 -1713.938 -1589.407 -1519.188 -1155.688 -921.313 -826.938 -789.407 -653.282 -330.875 -261.219 -118.125 -82.250 -77.438 -22.907 35.625 69.593 81.187 127.250 159.656 183.906 210.031 217.000 256.843 267.093 363.062 386.593 395.968 448.062 523.843 546.312 634.062 647.812 676.187 682.406 687.656 723.750 793.343 847.656 882.406 980.875 993.500 1098.218 1160.218 1186.718 1225.812 1430.531 1441.062 1511.406 1559.781 1790.468 1854.375 1869.250 1880.937 1993.562 2554.250 2593.750 2608.968 2638.187 2752.375 2850.156 2876.468 3008.406 3075.875 3108.781 3163.375 3378.656 3410.031 
-1777.875 -1279.313 -1233.688 -966.719 -864.344 -631.313 -543.407 -297.157 26.125 67.781 182.812 307.281 379.437 435.218 445.531 447.562 500.812 538.093 610.406 618.000 649.656 654.500 704.500 809.750 950.031 956.968 966.437 998.843 1077.281 1090.812 1147.218 1173.718 1215.812 1278.156 1330.875 1349.625 1364.875 1593.406 1613.031 1699.437 1829.218 1919.187 1923.187 1942.312 1978.906 2111.218 2206.812 2523.562 2632.750 2739.562 3099.562 3133.062 3262.843 3326.781 3473.593 3506.125 3962.281 
-1932.000 -1817.125 -1126.563 -1125.844 -908.719 -863.813 7.843 24.843 42.687 115.718 128.312 135.843 180.906 285.531 331.750 395.906 445.937 493.812 502.312 612.000 617.875 688.187 702.375 829.562 851.125 869.125 886.218 894.781 920.281 1113.593 1159.718 1197.156 1213.218 1256.593 1274.968 1365.593 1431.437 1517.312 1642.562 1682.187 1728.562 1736.250 1747.750 1789.875 1918.718 1954.375 1968.343 1978.500 2618.250 3101.375 3160.843 3385.031 3635.000 3677.343 3827.406 3941.437 3996.906 
-1795.907 -1720.782 -1666.282 -1585.750 -1317.657 -1292.157 -1056.594 -1054.625 -975.344 -934.563 -805.438 -775.469 -553.157 -216.344 45.718 134.156 162.156 172.156 187.625 224.812 240.343 281.218 284.718 285.156 309.687 328.718 398.656 447.531 473.625 523.812 526.218 610.843 616.812 645.937 650.187 683.593 695.406 771.343 809.937 960.718 991.406 1099.781 1101.781 1142.250 1160.093 1237.656 1280.187 1295.406 1350.000 1367.218 1461.031 1549.250 1700.062 1702.062 1735.625 1773.375 1790.281 1879.843 1978.250 2266.875 2432.375 2507.343 2572.968 2743.625 3083.375 3144.906 3201.343 3249.625 3463.687 3882.812 
-1589.188 -1514.625 -1489.500 -1447.282 -1443.094 -1385.344 -1321.719 -1147.125 -1126.469 -1075.532 -832.282 -771.219 68.562 186.468 364.437 567.468 588.312 611.281 651.156 667.593 716.000 726.312 810.718 835.093 888.281 917.312 919.687 1051.062 1064.312 1128.187 1222.875 1238.656 1697.875 1773.218 1782.250 1855.750 1878.906 2402.843 2450.718 2465.312 2625.843 2669.875 2683.406 2721.218 2928.750 2944.437 2954.750 3116.531 3273.437 3739.781 3883.562 3940.375 
-1740.594 -1062.157 -1018.657 -901.375 -861.969 -411.750 54.343 108.937 113.468 131.218 163.031 172.750 180.125 217.718 240.531 296.593 381.656 396.000 405.937 437.593 446.250 447.968 480.125 526.781 533.218 544.312 569.562 591.031 593.187 646.875 649.343 688.562 730.500 767.750 792.406 920.656 1014.843 1025.093 1080.250 1084.312 1146.187 1161.531 1231.406 1237.562 1429.406 1453.875 1583.312 1679.781 1854.406 1907.375 1967.406 1998.687 2164.125 2790.875 3081.468 3195.218 3306.250 3652.375 3786.718 
-1761.407 -1270.469 -1061.188 -584.469 -438.875 58.156 105.406 116.656 159.031 189.468 205.687 216.218 218.500 267.468 284.375 388.468 402.218 408.875 469.000 554.187 609.812 637.656 729.125 847.687 861.250 873.250 965.218 984.718 989.812 1037.625 1063.937 1099.718 1192.218 1237.656 1251.781 1331.031 1401.781 1471.062 1600.062 1632.218 1666.156 1688.375 1766.093 1854.437 2011.718 2303.906 2351.062 2488.187 2496.062 2804.250 2820.281 3084.343 3527.968 3628.531 3645.906 
